Sample	Total Queried Kmers	Hits	Percent	Singleton Hits	Singleton Percent	Hits (excluding singletons)	Percent(excluding singletons)	Min Count	Mean Count	Median Count	Max Count
SRR1748535	1790	0	0.00	0	0.00	0	0.00	0	0.00	0.00	0
SRR1748536	1790	0	0.00	0	0.00	0	0.00	0	0.00	0.00	0
SRR1748537	1790	0	0.00	0	0.00	0	0.00	0	0.00	0.00	0
SRR1748538	1790	0	0.00	0	0.00	0	0.00	0	0.00	0.00	0
SRR1748539	1790	0	0.00	0	0.00	0	0.00	0	0.00	0.00	0
SRR1748540	1790	0	0.00	0	0.00	0	0.00	0	0.00	0.00	0
SRR1748541	1790	0	0.00	0	0.00	0	0.00	0	0.00	0.00	0
SRR1748542	1790	0	0.00	0	0.00	0	0.00	0	0.00	0.00	0
SRR1748543	1790	0	0.00	0	0.00	0	0.00	0	0.00	0.00	0
SRR1748544	1790	0	0.00	0	0.00	0	0.00	0	0.00	0.00	0
SRR1748545	1790	0	0.00	0	0.00	0	0.00	0	0.00	0.00	0
SRR1748546	1790	0	0.00	0	0.00	0	0.00	0	0.00	0.00	0
SRR1748547	1790	0	0.00	0	0.00	0	0.00	0	0.00	0.00	0
SRR1748548	1790	0	0.00	0	0.00	0	0.00	0	0.00	0.00	0
SRR1748549	1790	0	0.00	0	0.00	0	0.00	0	0.00	0.00	0
SRR1748550	1790	0	0.00	0	0.00	0	0.00	0	0.00	0.00	0
SRR1748551	1790	0	0.00	0	0.00	0	0.00	0	0.00	0.00	0
SRR1748552	1790	0	0.00	0	0.00	0	0.00	0	0.00	0.00	0
SRR1748553	1790	0	0.00	0	0.00	0	0.00	0	0.00	0.00	0
SRR1748554	1790	0	0.00	0	0.00	0	0.00	0	0.00	0.00	0
SRR1748555	1790	0	0.00	0	0.00	0	0.00	0	0.00	0.00	0
SRR1748556	1790	0	0.00	0	0.00	0	0.00	0	0.00	0.00	0
SRR1748557	1790	0	0.00	0	0.00	0	0.00	0	0.00	0.00	0
SRR1748558	1790	0	0.00	0	0.00	0	0.00	0	0.00	0.00	0
SRR1748559	1790	0	0.00	0	0.00	0	0.00	0	0.00	0.00	0
SRR1748560	1790	0	0.00	0	0.00	0	0.00	0	0.00	0.00	0
SRR1748561	1790	0	0.00	0	0.00	0	0.00	0	0.00	0.00	0
SRR1748562	1790	0	0.00	0	0.00	0	0.00	0	0.00	0.00	0
SRR1748563	1790	0	0.00	0	0.00	0	0.00	0	0.00	0.00	0
SRR1748564	1790	0	0.00	0	0.00	0	0.00	0	0.00	0.00	0
SRR1748565	1790	0	0.00	0	0.00	0	0.00	0	0.00	0.00	0
SRR1748566	1790	0	0.00	0	0.00	0	0.00	0	0.00	0.00	0
SRR1748567	1790	1	0.00	0	0.00	1	0.00	0	0.00	0.00	2
SRR1748568	1790	0	0.00	0	0.00	0	0.00	0	0.00	0.00	0
SRR1748569	1790	0	0.00	0	0.00	0	0.00	0	0.00	0.00	0
SRR1748570	1790	0	0.00	0	0.00	0	0.00	0	0.00	0.00	0
SRR1748571	1790	0	0.00	0	0.00	0	0.00	0	0.00	0.00	0
SRR1748572	1790	0	0.00	0	0.00	0	0.00	0	0.00	0.00	0
SRR1748573	1790	0	0.00	0	0.00	0	0.00	0	0.00	0.00	0
SRR1748574	1790	1	0.00	1	1.00	0	0.00	0	0.00	0.00	1
SRR1748575	1790	0	0.00	0	0.00	0	0.00	0	0.00	0.00	0
SRR1748576	1790	0	0.00	0	0.00	0	0.00	0	0.00	0.00	0
SRR1748577	1790	0	0.00	0	0.00	0	0.00	0	0.00	0.00	0
SRR1748578	1790	0	0.00	0	0.00	0	0.00	0	0.00	0.00	0
SRR1748579	1790	0	0.00	0	0.00	0	0.00	0	0.00	0.00	0
SRR1748580	1790	0	0.00	0	0.00	0	0.00	0	0.00	0.00	0
SRR1748581	1790	0	0.00	0	0.00	0	0.00	0	0.00	0.00	0
SRR1748582	1790	0	0.00	0	0.00	0	0.00	0	0.00	0.00	0
SRR1748583	1790	0	0.00	0	0.00	0	0.00	0	0.00	0.00	0
SRR1748584	1790	0	0.00	0	0.00	0	0.00	0	0.00	0.00	0
SRR1748585	1790	0	0.00	0	0.00	0	0.00	0	0.00	0.00	0
SRR1748586	1790	0	0.00	0	0.00	0	0.00	0	0.00	0.00	0
SRR1748587	1790	0	0.00	0	0.00	0	0.00	0	0.00	0.00	0
SRR1748588	1790	0	0.00	0	0.00	0	0.00	0	0.00	0.00	0
SRR1748589	1790	0	0.00	0	0.00	0	0.00	0	0.00	0.00	0
SRR1748590	1790	0	0.00	0	0.00	0	0.00	0	0.00	0.00	0
SRR1748591	1790	0	0.00	0	0.00	0	0.00	0	0.00	0.00	0
SRR1748592	1790	0	0.00	0	0.00	0	0.00	0	0.00	0.00	0
SRR1748593	1790	7	0.00	5	0.71	2	0.00	0	0.01	0.00	4
SRR1748594	1790	0	0.00	0	0.00	0	0.00	0	0.00	0.00	0
SRR1748595	1790	0	0.00	0	0.00	0	0.00	0	0.00	0.00	0
SRR1748596	1790	0	0.00	0	0.00	0	0.00	0	0.00	0.00	0
SRR1748597	1790	0	0.00	0	0.00	0	0.00	0	0.00	0.00	0
SRR1748598	1790	0	0.00	0	0.00	0	0.00	0	0.00	0.00	0
SRR1748599	1790	0	0.00	0	0.00	0	0.00	0	0.00	0.00	0
SRR1748600	1790	0	0.00	0	0.00	0	0.00	0	0.00	0.00	0
SRR1748601	1790	0	0.00	0	0.00	0	0.00	0	0.00	0.00	0
SRR1748602	1790	0	0.00	0	0.00	0	0.00	0	0.00	0.00	0
SRR1748603	1790	0	0.00	0	0.00	0	0.00	0	0.00	0.00	0
SRR1748604	1790	0	0.00	0	0.00	0	0.00	0	0.00	0.00	0
SRR1748605	1790	0	0.00	0	0.00	0	0.00	0	0.00	0.00	0
SRR1748606	1790	0	0.00	0	0.00	0	0.00	0	0.00	0.00	0
SRR1748607	1790	0	0.00	0	0.00	0	0.00	0	0.00	0.00	0
SRR1748608	1790	0	0.00	0	0.00	0	0.00	0	0.00	0.00	0
SRR1748609	1790	0	0.00	0	0.00	0	0.00	0	0.00	0.00	0
SRR1748610	1790	0	0.00	0	0.00	0	0.00	0	0.00	0.00	0
SRR1748611	1790	2	0.00	2	1.00	0	0.00	0	0.00	0.00	1
SRR1748612	1790	0	0.00	0	0.00	0	0.00	0	0.00	0.00	0
SRR1748613	1790	0	0.00	0	0.00	0	0.00	0	0.00	0.00	0
SRR1748614	1790	0	0.00	0	0.00	0	0.00	0	0.00	0.00	0
SRR1748615	1790	0	0.00	0	0.00	0	0.00	0	0.00	0.00	0
SRR1748616	1790	0	0.00	0	0.00	0	0.00	0	0.00	0.00	0
SRR1748617	1790	0	0.00	0	0.00	0	0.00	0	0.00	0.00	0
SRR1748618	1790	0	0.00	0	0.00	0	0.00	0	0.00	0.00	0
SRR1748619	1790	0	0.00	0	0.00	0	0.00	0	0.00	0.00	0
SRR1748620	1790	0	0.00	0	0.00	0	0.00	0	0.00	0.00	0
SRR1748621	1790	0	0.00	0	0.00	0	0.00	0	0.00	0.00	0
SRR1748622	1790	0	0.00	0	0.00	0	0.00	0	0.00	0.00	0
SRR1748623	1790	0	0.00	0	0.00	0	0.00	0	0.00	0.00	0
SRR1748624	1790	0	0.00	0	0.00	0	0.00	0	0.00	0.00	0
SRR1748625	1790	0	0.00	0	0.00	0	0.00	0	0.00	0.00	0
SRR1748626	1790	0	0.00	0	0.00	0	0.00	0	0.00	0.00	0
SRR1748627	1790	5	0.00	5	1.00	0	0.00	0	0.00	0.00	1
SRR1748628	1790	1	0.00	1	1.00	0	0.00	0	0.00	0.00	1
SRR1748629	1790	0	0.00	0	0.00	0	0.00	0	0.00	0.00	0
SRR1748630	1790	0	0.00	0	0.00	0	0.00	0	0.00	0.00	0
SRR1748631	1790	0	0.00	0	0.00	0	0.00	0	0.00	0.00	0
SRR1748632	1790	0	0.00	0	0.00	0	0.00	0	0.00	0.00	0
SRR1748633	1790	0	0.00	0	0.00	0	0.00	0	0.00	0.00	0
SRR1748634	1790	0	0.00	0	0.00	0	0.00	0	0.00	0.00	0
SRR1748635	1790	0	0.00	0	0.00	0	0.00	0	0.00	0.00	0
SRR1748636	1790	0	0.00	0	0.00	0	0.00	0	0.00	0.00	0
SRR1748637	1790	0	0.00	0	0.00	0	0.00	0	0.00	0.00	0
SRR1748638	1790	0	0.00	0	0.00	0	0.00	0	0.00	0.00	0
SRR1748639	1790	0	0.00	0	0.00	0	0.00	0	0.00	0.00	0
SRR1748640	1790	0	0.00	0	0.00	0	0.00	0	0.00	0.00	0
SRR1748641	1790	0	0.00	0	0.00	0	0.00	0	0.00	0.00	0
SRR1748642	1790	0	0.00	0	0.00	0	0.00	0	0.00	0.00	0
SRR1748643	1790	0	0.00	0	0.00	0	0.00	0	0.00	0.00	0
SRR1748644	1790	0	0.00	0	0.00	0	0.00	0	0.00	0.00	0
SRR1748645	1790	0	0.00	0	0.00	0	0.00	0	0.00	0.00	0
SRR1748646	1790	0	0.00	0	0.00	0	0.00	0	0.00	0.00	0
SRR1748647	1790	0	0.00	0	0.00	0	0.00	0	0.00	0.00	0
SRR1748648	1790	0	0.00	0	0.00	0	0.00	0	0.00	0.00	0
SRR1748649	1790	2	0.00	2	1.00	0	0.00	0	0.00	0.00	1
SRR1748650	1790	0	0.00	0	0.00	0	0.00	0	0.00	0.00	0
SRR1748651	1790	0	0.00	0	0.00	0	0.00	0	0.00	0.00	0
SRR1748652	1790	0	0.00	0	0.00	0	0.00	0	0.00	0.00	0
SRR1748653	1790	0	0.00	0	0.00	0	0.00	0	0.00	0.00	0
SRR1748654	1790	0	0.00	0	0.00	0	0.00	0	0.00	0.00	0
SRR1748655	1790	0	0.00	0	0.00	0	0.00	0	0.00	0.00	0
SRR1748656	1790	0	0.00	0	0.00	0	0.00	0	0.00	0.00	0
SRR1748657	1790	1	0.00	1	1.00	0	0.00	0	0.00	0.00	1
SRR1748658	1790	0	0.00	0	0.00	0	0.00	0	0.00	0.00	0
SRR1748659	1790	1	0.00	0	0.00	1	0.00	0	0.00	0.00	2
SRR1748660	1790	0	0.00	0	0.00	0	0.00	0	0.00	0.00	0
SRR1748661	1790	0	0.00	0	0.00	0	0.00	0	0.00	0.00	0
SRR1748662	1790	0	0.00	0	0.00	0	0.00	0	0.00	0.00	0
SRR1748663	1790	0	0.00	0	0.00	0	0.00	0	0.00	0.00	0
SRR1748664	1790	0	0.00	0	0.00	0	0.00	0	0.00	0.00	0
SRR1748665	1790	0	0.00	0	0.00	0	0.00	0	0.00	0.00	0
SRR1748666	1790	0	0.00	0	0.00	0	0.00	0	0.00	0.00	0
SRR1748667	1790	0	0.00	0	0.00	0	0.00	0	0.00	0.00	0
SRR1748668	1790	0	0.00	0	0.00	0	0.00	0	0.00	0.00	0
SRR1748669	1790	0	0.00	0	0.00	0	0.00	0	0.00	0.00	0
SRR1748670	1790	0	0.00	0	0.00	0	0.00	0	0.00	0.00	0
SRR1748671	1790	0	0.00	0	0.00	0	0.00	0	0.00	0.00	0
SRR1748672	1790	0	0.00	0	0.00	0	0.00	0	0.00	0.00	0
SRR1748673	1790	0	0.00	0	0.00	0	0.00	0	0.00	0.00	0
SRR1748674	1790	0	0.00	0	0.00	0	0.00	0	0.00	0.00	0
SRR1748675	1790	0	0.00	0	0.00	0	0.00	0	0.00	0.00	0
SRR1748676	1790	0	0.00	0	0.00	0	0.00	0	0.00	0.00	0
SRR1748677	1790	0	0.00	0	0.00	0	0.00	0	0.00	0.00	0
SRR1748678	1790	0	0.00	0	0.00	0	0.00	0	0.00	0.00	0
SRR1748679	1790	0	0.00	0	0.00	0	0.00	0	0.00	0.00	0
SRR1748680	1790	0	0.00	0	0.00	0	0.00	0	0.00	0.00	0
SRR1748681	1790	0	0.00	0	0.00	0	0.00	0	0.00	0.00	0
SRR1748682	1790	1	0.00	1	1.00	0	0.00	0	0.00	0.00	1
SRR1748683	1790	0	0.00	0	0.00	0	0.00	0	0.00	0.00	0
SRR1748684	1790	0	0.00	0	0.00	0	0.00	0	0.00	0.00	0
SRR1748685	1790	0	0.00	0	0.00	0	0.00	0	0.00	0.00	0
SRR1748686	1790	0	0.00	0	0.00	0	0.00	0	0.00	0.00	0
SRR1748687	1790	0	0.00	0	0.00	0	0.00	0	0.00	0.00	0
SRR1748688	1790	0	0.00	0	0.00	0	0.00	0	0.00	0.00	0
SRR1748689	1790	0	0.00	0	0.00	0	0.00	0	0.00	0.00	0
SRR1748690	1790	0	0.00	0	0.00	0	0.00	0	0.00	0.00	0
SRR1748691	1790	0	0.00	0	0.00	0	0.00	0	0.00	0.00	0
SRR1748692	1790	0	0.00	0	0.00	0	0.00	0	0.00	0.00	0
SRR1748693	1790	0	0.00	0	0.00	0	0.00	0	0.00	0.00	0
SRR1748694	1790	0	0.00	0	0.00	0	0.00	0	0.00	0.00	0
SRR1748695	1790	0	0.00	0	0.00	0	0.00	0	0.00	0.00	0
SRR1748696	1790	0	0.00	0	0.00	0	0.00	0	0.00	0.00	0
SRR1748697	1790	0	0.00	0	0.00	0	0.00	0	0.00	0.00	0
SRR1748698	1790	0	0.00	0	0.00	0	0.00	0	0.00	0.00	0
SRR1748699	1790	0	0.00	0	0.00	0	0.00	0	0.00	0.00	0
SRR1748700	1790	0	0.00	0	0.00	0	0.00	0	0.00	0.00	0
SRR1748701	1790	0	0.00	0	0.00	0	0.00	0	0.00	0.00	0
SRR1748702	1790	0	0.00	0	0.00	0	0.00	0	0.00	0.00	0
SRR1748703	1790	0	0.00	0	0.00	0	0.00	0	0.00	0.00	0
SRR1748704	1790	0	0.00	0	0.00	0	0.00	0	0.00	0.00	0
SRR1748705	1790	0	0.00	0	0.00	0	0.00	0	0.00	0.00	0
SRR1748706	1790	0	0.00	0	0.00	0	0.00	0	0.00	0.00	0
SRR1748707	1790	0	0.00	0	0.00	0	0.00	0	0.00	0.00	0
SRR1748708	1790	4	0.00	4	1.00	0	0.00	0	0.00	0.00	1
SRR1748709	1790	0	0.00	0	0.00	0	0.00	0	0.00	0.00	0
SRR1748710	1790	0	0.00	0	0.00	0	0.00	0	0.00	0.00	0
SRR1748711	1790	0	0.00	0	0.00	0	0.00	0	0.00	0.00	0
SRR1748712	1790	0	0.00	0	0.00	0	0.00	0	0.00	0.00	0
SRR1748713	1790	0	0.00	0	0.00	0	0.00	0	0.00	0.00	0
SRR1748714	1790	0	0.00	0	0.00	0	0.00	0	0.00	0.00	0
SRR1748715	1790	0	0.00	0	0.00	0	0.00	0	0.00	0.00	0
SRR1748716	1790	0	0.00	0	0.00	0	0.00	0	0.00	0.00	0
SRR1748717	1790	0	0.00	0	0.00	0	0.00	0	0.00	0.00	0
SRR1748718	1790	0	0.00	0	0.00	0	0.00	0	0.00	0.00	0
SRR1748719	1790	0	0.00	0	0.00	0	0.00	0	0.00	0.00	0
SRR1748720	1790	1	0.00	1	1.00	0	0.00	0	0.00	0.00	1
SRR1748721	1790	0	0.00	0	0.00	0	0.00	0	0.00	0.00	0
SRR1748722	1790	0	0.00	0	0.00	0	0.00	0	0.00	0.00	0
SRR1748723	1790	0	0.00	0	0.00	0	0.00	0	0.00	0.00	0
SRR1748724	1790	5	0.00	4	0.80	1	0.00	0	0.00	0.00	2
SRR1748725	1790	0	0.00	0	0.00	0	0.00	0	0.00	0.00	0
SRR1748726	1790	0	0.00	0	0.00	0	0.00	0	0.00	0.00	0
SRR1748727	1790	0	0.00	0	0.00	0	0.00	0	0.00	0.00	0
SRR1748728	1790	0	0.00	0	0.00	0	0.00	0	0.00	0.00	0
SRR1748729	1790	0	0.00	0	0.00	0	0.00	0	0.00	0.00	0
SRR1748730	1790	0	0.00	0	0.00	0	0.00	0	0.00	0.00	0
SRR1748731	1790	0	0.00	0	0.00	0	0.00	0	0.00	0.00	0
SRR1748732	1790	0	0.00	0	0.00	0	0.00	0	0.00	0.00	0
SRR1748733	1790	0	0.00	0	0.00	0	0.00	0	0.00	0.00	0
SRR1748734	1790	0	0.00	0	0.00	0	0.00	0	0.00	0.00	0
SRR1748735	1790	0	0.00	0	0.00	0	0.00	0	0.00	0.00	0
SRR1748736	1790	0	0.00	0	0.00	0	0.00	0	0.00	0.00	0
SRR1748737	1790	0	0.00	0	0.00	0	0.00	0	0.00	0.00	0
SRR1748738	1790	0	0.00	0	0.00	0	0.00	0	0.00	0.00	0
SRR1748739	1790	0	0.00	0	0.00	0	0.00	0	0.00	0.00	0
SRR1748740	1790	0	0.00	0	0.00	0	0.00	0	0.00	0.00	0
SRR1748741	1790	0	0.00	0	0.00	0	0.00	0	0.00	0.00	0
SRR1748742	1790	0	0.00	0	0.00	0	0.00	0	0.00	0.00	0
SRR1748743	1790	0	0.00	0	0.00	0	0.00	0	0.00	0.00	0
SRR1748744	1790	0	0.00	0	0.00	0	0.00	0	0.00	0.00	0
SRR1748745	1790	0	0.00	0	0.00	0	0.00	0	0.00	0.00	0
SRR1748746	1790	0	0.00	0	0.00	0	0.00	0	0.00	0.00	0
SRR1748747	1790	0	0.00	0	0.00	0	0.00	0	0.00	0.00	0
SRR1748748	1790	0	0.00	0	0.00	0	0.00	0	0.00	0.00	0
SRR1748749	1790	1	0.00	1	1.00	0	0.00	0	0.00	0.00	1
SRR1748750	1790	0	0.00	0	0.00	0	0.00	0	0.00	0.00	0
SRR1748751	1790	0	0.00	0	0.00	0	0.00	0	0.00	0.00	0
SRR1748752	1790	0	0.00	0	0.00	0	0.00	0	0.00	0.00	0
SRR1748753	1790	0	0.00	0	0.00	0	0.00	0	0.00	0.00	0
SRR1748754	1790	0	0.00	0	0.00	0	0.00	0	0.00	0.00	0
SRR1748755	1790	0	0.00	0	0.00	0	0.00	0	0.00	0.00	0
SRR1748756	1790	0	0.00	0	0.00	0	0.00	0	0.00	0.00	0
SRR1748757	1790	0	0.00	0	0.00	0	0.00	0	0.00	0.00	0
SRR1748758	1790	0	0.00	0	0.00	0	0.00	0	0.00	0.00	0
SRR1748759	1790	0	0.00	0	0.00	0	0.00	0	0.00	0.00	0
SRR1748760	1790	0	0.00	0	0.00	0	0.00	0	0.00	0.00	0
SRR1748761	1790	0	0.00	0	0.00	0	0.00	0	0.00	0.00	0
SRR1748762	1790	0	0.00	0	0.00	0	0.00	0	0.00	0.00	0
SRR1748763	1790	0	0.00	0	0.00	0	0.00	0	0.00	0.00	0
SRR1748764	1790	0	0.00	0	0.00	0	0.00	0	0.00	0.00	0
SRR1748765	1790	0	0.00	0	0.00	0	0.00	0	0.00	0.00	0
SRR1748766	1790	0	0.00	0	0.00	0	0.00	0	0.00	0.00	0
SRR1748767	1790	0	0.00	0	0.00	0	0.00	0	0.00	0.00	0
SRR1748768	1790	0	0.00	0	0.00	0	0.00	0	0.00	0.00	0
SRR1748769	1790	0	0.00	0	0.00	0	0.00	0	0.00	0.00	0
SRR1748770	1790	0	0.00	0	0.00	0	0.00	0	0.00	0.00	0
SRR1748771	1790	0	0.00	0	0.00	0	0.00	0	0.00	0.00	0
SRR1748772	1790	0	0.00	0	0.00	0	0.00	0	0.00	0.00	0
SRR1748773	1790	0	0.00	0	0.00	0	0.00	0	0.00	0.00	0
SRR1748774	1790	0	0.00	0	0.00	0	0.00	0	0.00	0.00	0
SRR1748775	1790	0	0.00	0	0.00	0	0.00	0	0.00	0.00	0
SRR1748776	1790	0	0.00	0	0.00	0	0.00	0	0.00	0.00	0
SRR1748777	1790	0	0.00	0	0.00	0	0.00	0	0.00	0.00	0
SRR1748778	1790	1	0.00	1	1.00	0	0.00	0	0.00	0.00	1
SRR1748779	1790	0	0.00	0	0.00	0	0.00	0	0.00	0.00	0
SRR1748780	1790	0	0.00	0	0.00	0	0.00	0	0.00	0.00	0
SRR1748781	1790	0	0.00	0	0.00	0	0.00	0	0.00	0.00	0
SRR1748782	1790	0	0.00	0	0.00	0	0.00	0	0.00	0.00	0
SRR1748783	1790	0	0.00	0	0.00	0	0.00	0	0.00	0.00	0
SRR1748784	1790	0	0.00	0	0.00	0	0.00	0	0.00	0.00	0
SRR1748785	1790	0	0.00	0	0.00	0	0.00	0	0.00	0.00	0
SRR1748786	1790	0	0.00	0	0.00	0	0.00	0	0.00	0.00	0
SRR1748787	1790	0	0.00	0	0.00	0	0.00	0	0.00	0.00	0
SRR1748788	1790	0	0.00	0	0.00	0	0.00	0	0.00	0.00	0
SRR1748789	1790	0	0.00	0	0.00	0	0.00	0	0.00	0.00	0
SRR1748790	1790	0	0.00	0	0.00	0	0.00	0	0.00	0.00	0
SRR1748791	1790	1	0.00	0	0.00	1	0.00	0	0.00	0.00	2
SRR1748792	1790	0	0.00	0	0.00	0	0.00	0	0.00	0.00	0
SRR1748793	1790	0	0.00	0	0.00	0	0.00	0	0.00	0.00	0
SRR1748794	1790	0	0.00	0	0.00	0	0.00	0	0.00	0.00	0
SRR1748795	1790	0	0.00	0	0.00	0	0.00	0	0.00	0.00	0
SRR1748796	1790	8	0.00	4	0.50	4	0.00	0	0.01	0.00	6
SRR1748797	1790	0	0.00	0	0.00	0	0.00	0	0.00	0.00	0
SRR1748798	1790	0	0.00	0	0.00	0	0.00	0	0.00	0.00	0
SRR1748799	1790	0	0.00	0	0.00	0	0.00	0	0.00	0.00	0
SRR1748800	1790	1	0.00	1	1.00	0	0.00	0	0.00	0.00	1
SRR1748801	1790	0	0.00	0	0.00	0	0.00	0	0.00	0.00	0
SRR1748802	1790	0	0.00	0	0.00	0	0.00	0	0.00	0.00	0
SRR1748803	1790	0	0.00	0	0.00	0	0.00	0	0.00	0.00	0
SRR1748804	1790	2	0.00	2	1.00	0	0.00	0	0.00	0.00	1
SRR1748805	1790	0	0.00	0	0.00	0	0.00	0	0.00	0.00	0
SRR1748806	1790	0	0.00	0	0.00	0	0.00	0	0.00	0.00	0
SRR1748807	1790	6	0.00	5	0.83	1	0.00	0	0.00	0.00	2
SRR1748808	1790	0	0.00	0	0.00	0	0.00	0	0.00	0.00	0
SRR1748809	1790	0	0.00	0	0.00	0	0.00	0	0.00	0.00	0
SRR1748810	1790	0	0.00	0	0.00	0	0.00	0	0.00	0.00	0
SRR1748811	1790	0	0.00	0	0.00	0	0.00	0	0.00	0.00	0
SRR1748812	1790	4	0.00	4	1.00	0	0.00	0	0.00	0.00	1
SRR1748813	1790	6	0.00	4	0.67	2	0.00	0	0.01	0.00	3
SRR1748814	1790	0	0.00	0	0.00	0	0.00	0	0.00	0.00	0
SRR1748815	1790	4	0.00	3	0.75	1	0.00	0	0.00	0.00	2
SRR1748816	1790	0	0.00	0	0.00	0	0.00	0	0.00	0.00	0
SRR1748817	1790	0	0.00	0	0.00	0	0.00	0	0.00	0.00	0
SRR1748818	1790	0	0.00	0	0.00	0	0.00	0	0.00	0.00	0
SRR1748819	1790	0	0.00	0	0.00	0	0.00	0	0.00	0.00	0
SRR1748820	1790	0	0.00	0	0.00	0	0.00	0	0.00	0.00	0
SRR1748821	1790	0	0.00	0	0.00	0	0.00	0	0.00	0.00	0
SRR1748822	1790	0	0.00	0	0.00	0	0.00	0	0.00	0.00	0
SRR1748823	1790	0	0.00	0	0.00	0	0.00	0	0.00	0.00	0
SRR1748824	1790	0	0.00	0	0.00	0	0.00	0	0.00	0.00	0
SRR1748825	1790	0	0.00	0	0.00	0	0.00	0	0.00	0.00	0
SRR1748826	1790	0	0.00	0	0.00	0	0.00	0	0.00	0.00	0
SRR1748827	1790	0	0.00	0	0.00	0	0.00	0	0.00	0.00	0
SRR1748828	1790	1	0.00	1	1.00	0	0.00	0	0.00	0.00	1
SRR1748829	1790	0	0.00	0	0.00	0	0.00	0	0.00	0.00	0
SRR1748830	1790	0	0.00	0	0.00	0	0.00	0	0.00	0.00	0
SRR1748831	1790	0	0.00	0	0.00	0	0.00	0	0.00	0.00	0
SRR1748832	1790	0	0.00	0	0.00	0	0.00	0	0.00	0.00	0
SRR1748833	1790	0	0.00	0	0.00	0	0.00	0	0.00	0.00	0
SRR1748834	1790	0	0.00	0	0.00	0	0.00	0	0.00	0.00	0
SRR1748835	1790	0	0.00	0	0.00	0	0.00	0	0.00	0.00	0
SRR1748836	1790	0	0.00	0	0.00	0	0.00	0	0.00	0.00	0
SRR1748837	1790	1	0.00	1	1.00	0	0.00	0	0.00	0.00	1
SRR1748838	1790	0	0.00	0	0.00	0	0.00	0	0.00	0.00	0
SRR1748839	1790	0	0.00	0	0.00	0	0.00	0	0.00	0.00	0
SRR1748840	1790	0	0.00	0	0.00	0	0.00	0	0.00	0.00	0
SRR1748841	1790	1	0.00	1	1.00	0	0.00	0	0.00	0.00	1
SRR1748842	1790	0	0.00	0	0.00	0	0.00	0	0.00	0.00	0
SRR1748843	1790	1	0.00	0	0.00	1	0.00	0	0.00	0.00	7
SRR1748844	1790	0	0.00	0	0.00	0	0.00	0	0.00	0.00	0
SRR1748845	1790	0	0.00	0	0.00	0	0.00	0	0.00	0.00	0
SRR1748846	1790	0	0.00	0	0.00	0	0.00	0	0.00	0.00	0
SRR1748847	1790	0	0.00	0	0.00	0	0.00	0	0.00	0.00	0
SRR1748848	1790	0	0.00	0	0.00	0	0.00	0	0.00	0.00	0
SRR1748849	1790	0	0.00	0	0.00	0	0.00	0	0.00	0.00	0
SRR1748850	1790	1	0.00	0	0.00	1	0.00	0	0.00	0.00	3
SRR1748851	1790	0	0.00	0	0.00	0	0.00	0	0.00	0.00	0
SRR1748852	1790	0	0.00	0	0.00	0	0.00	0	0.00	0.00	0
SRR1748853	1790	0	0.00	0	0.00	0	0.00	0	0.00	0.00	0
SRR1748854	1790	0	0.00	0	0.00	0	0.00	0	0.00	0.00	0
SRR1748855	1790	0	0.00	0	0.00	0	0.00	0	0.00	0.00	0
SRR1748856	1790	0	0.00	0	0.00	0	0.00	0	0.00	0.00	0
SRR1748857	1790	0	0.00	0	0.00	0	0.00	0	0.00	0.00	0
SRR1748858	1790	0	0.00	0	0.00	0	0.00	0	0.00	0.00	0
SRR1748859	1790	1	0.00	1	1.00	0	0.00	0	0.00	0.00	1
SRR1748860	1790	0	0.00	0	0.00	0	0.00	0	0.00	0.00	0
SRR1748861	1790	0	0.00	0	0.00	0	0.00	0	0.00	0.00	0
SRR1748862	1790	0	0.00	0	0.00	0	0.00	0	0.00	0.00	0
SRR1748863	1790	0	0.00	0	0.00	0	0.00	0	0.00	0.00	0
SRR1748864	1790	6	0.00	6	1.00	0	0.00	0	0.00	0.00	1
SRR1748865	1790	0	0.00	0	0.00	0	0.00	0	0.00	0.00	0
SRR1748866	1790	1	0.00	1	1.00	0	0.00	0	0.00	0.00	1
SRR1748867	1790	0	0.00	0	0.00	0	0.00	0	0.00	0.00	0
SRR1748868	1790	0	0.00	0	0.00	0	0.00	0	0.00	0.00	0
SRR1748869	1790	0	0.00	0	0.00	0	0.00	0	0.00	0.00	0
SRR1748870	1790	0	0.00	0	0.00	0	0.00	0	0.00	0.00	0
SRR1748871	1790	0	0.00	0	0.00	0	0.00	0	0.00	0.00	0
SRR1748872	1790	0	0.00	0	0.00	0	0.00	0	0.00	0.00	0
SRR1748873	1790	0	0.00	0	0.00	0	0.00	0	0.00	0.00	0
SRR1748874	1790	0	0.00	0	0.00	0	0.00	0	0.00	0.00	0
SRR1748875	1790	0	0.00	0	0.00	0	0.00	0	0.00	0.00	0
SRR1748876	1790	0	0.00	0	0.00	0	0.00	0	0.00	0.00	0
SRR1748877	1790	0	0.00	0	0.00	0	0.00	0	0.00	0.00	0
SRR1748878	1790	0	0.00	0	0.00	0	0.00	0	0.00	0.00	0
SRR1748879	1790	0	0.00	0	0.00	0	0.00	0	0.00	0.00	0
SRR1748880	1790	0	0.00	0	0.00	0	0.00	0	0.00	0.00	0
SRR1748881	1790	0	0.00	0	0.00	0	0.00	0	0.00	0.00	0
SRR1748882	1790	2	0.00	2	1.00	0	0.00	0	0.00	0.00	1
SRR1748883	1790	0	0.00	0	0.00	0	0.00	0	0.00	0.00	0
SRR1748884	1790	0	0.00	0	0.00	0	0.00	0	0.00	0.00	0
SRR1748885	1790	0	0.00	0	0.00	0	0.00	0	0.00	0.00	0
SRR1748886	1790	0	0.00	0	0.00	0	0.00	0	0.00	0.00	0
SRR1748887	1790	0	0.00	0	0.00	0	0.00	0	0.00	0.00	0
SRR1748888	1790	0	0.00	0	0.00	0	0.00	0	0.00	0.00	0
SRR1748889	1790	0	0.00	0	0.00	0	0.00	0	0.00	0.00	0
SRR1748890	1790	0	0.00	0	0.00	0	0.00	0	0.00	0.00	0
SRR1748891	1790	0	0.00	0	0.00	0	0.00	0	0.00	0.00	0
SRR1748892	1790	0	0.00	0	0.00	0	0.00	0	0.00	0.00	0
SRR1748893	1790	0	0.00	0	0.00	0	0.00	0	0.00	0.00	0
SRR1748894	1790	0	0.00	0	0.00	0	0.00	0	0.00	0.00	0
SRR1748895	1790	0	0.00	0	0.00	0	0.00	0	0.00	0.00	0
SRR1748896	1790	0	0.00	0	0.00	0	0.00	0	0.00	0.00	0
SRR1748897	1790	0	0.00	0	0.00	0	0.00	0	0.00	0.00	0
SRR1748898	1790	0	0.00	0	0.00	0	0.00	0	0.00	0.00	0
SRR1748899	1790	0	0.00	0	0.00	0	0.00	0	0.00	0.00	0
SRR1748900	1790	0	0.00	0	0.00	0	0.00	0	0.00	0.00	0
SRR1748901	1790	0	0.00	0	0.00	0	0.00	0	0.00	0.00	0
SRR1748902	1790	0	0.00	0	0.00	0	0.00	0	0.00	0.00	0
SRR1748903	1790	0	0.00	0	0.00	0	0.00	0	0.00	0.00	0
SRR1748904	1790	0	0.00	0	0.00	0	0.00	0	0.00	0.00	0
SRR1748905	1790	0	0.00	0	0.00	0	0.00	0	0.00	0.00	0
SRR1748906	1790	0	0.00	0	0.00	0	0.00	0	0.00	0.00	0
SRR1748907	1790	0	0.00	0	0.00	0	0.00	0	0.00	0.00	0
SRR1748908	1790	0	0.00	0	0.00	0	0.00	0	0.00	0.00	0
SRR1748909	1790	0	0.00	0	0.00	0	0.00	0	0.00	0.00	0
SRR1748910	1790	2	0.00	2	1.00	0	0.00	0	0.00	0.00	1
SRR1748911	1790	0	0.00	0	0.00	0	0.00	0	0.00	0.00	0
SRR1748912	1790	0	0.00	0	0.00	0	0.00	0	0.00	0.00	0
SRR1748913	1790	0	0.00	0	0.00	0	0.00	0	0.00	0.00	0
SRR1748914	1790	0	0.00	0	0.00	0	0.00	0	0.00	0.00	0
SRR1748915	1790	0	0.00	0	0.00	0	0.00	0	0.00	0.00	0
SRR1748916	1790	0	0.00	0	0.00	0	0.00	0	0.00	0.00	0
SRR1748917	1790	0	0.00	0	0.00	0	0.00	0	0.00	0.00	0
SRR1748918	1790	0	0.00	0	0.00	0	0.00	0	0.00	0.00	0
SRR1748919	1790	0	0.00	0	0.00	0	0.00	0	0.00	0.00	0
SRR1748920	1790	1	0.00	0	0.00	1	0.00	0	0.00	0.00	4
SRR1748921	1790	0	0.00	0	0.00	0	0.00	0	0.00	0.00	0
SRR1748922	1790	0	0.00	0	0.00	0	0.00	0	0.00	0.00	0
SRR1748923	1790	0	0.00	0	0.00	0	0.00	0	0.00	0.00	0
SRR1748924	1790	0	0.00	0	0.00	0	0.00	0	0.00	0.00	0
SRR1748925	1790	0	0.00	0	0.00	0	0.00	0	0.00	0.00	0
SRR1748926	1790	0	0.00	0	0.00	0	0.00	0	0.00	0.00	0
SRR1748927	1790	0	0.00	0	0.00	0	0.00	0	0.00	0.00	0
SRR1748928	1790	0	0.00	0	0.00	0	0.00	0	0.00	0.00	0
SRR1748929	1790	0	0.00	0	0.00	0	0.00	0	0.00	0.00	0
SRR1748930	1790	0	0.00	0	0.00	0	0.00	0	0.00	0.00	0
SRR1748931	1790	0	0.00	0	0.00	0	0.00	0	0.00	0.00	0
SRR1748932	1790	0	0.00	0	0.00	0	0.00	0	0.00	0.00	0
SRR1748933	1790	0	0.00	0	0.00	0	0.00	0	0.00	0.00	0
SRR1748934	1790	1	0.00	1	1.00	0	0.00	0	0.00	0.00	1
SRR1748935	1790	1	0.00	0	0.00	1	0.00	0	0.00	0.00	2
SRR1748936	1790	2	0.00	1	0.50	1	0.00	0	0.01	0.00	11
SRR1748937	1790	8	0.00	4	0.50	4	0.00	0	0.01	0.00	4
SRR1748938	1790	0	0.00	0	0.00	0	0.00	0	0.00	0.00	0
SRR1748939	1790	1	0.00	1	1.00	0	0.00	0	0.00	0.00	1
SRR1748940	1790	0	0.00	0	0.00	0	0.00	0	0.00	0.00	0
SRR1748941	1790	0	0.00	0	0.00	0	0.00	0	0.00	0.00	0
SRR1748942	1790	0	0.00	0	0.00	0	0.00	0	0.00	0.00	0
SRR1748943	1790	0	0.00	0	0.00	0	0.00	0	0.00	0.00	0
SRR1748944	1790	0	0.00	0	0.00	0	0.00	0	0.00	0.00	0
SRR1748945	1790	0	0.00	0	0.00	0	0.00	0	0.00	0.00	0
SRR1748946	1790	0	0.00	0	0.00	0	0.00	0	0.00	0.00	0
SRR1748947	1790	0	0.00	0	0.00	0	0.00	0	0.00	0.00	0
SRR1748948	1790	0	0.00	0	0.00	0	0.00	0	0.00	0.00	0
SRR1748949	1790	0	0.00	0	0.00	0	0.00	0	0.00	0.00	0
SRR1748950	1790	0	0.00	0	0.00	0	0.00	0	0.00	0.00	0
SRR1748951	1790	0	0.00	0	0.00	0	0.00	0	0.00	0.00	0
SRR1748952	1790	0	0.00	0	0.00	0	0.00	0	0.00	0.00	0
SRR1748953	1790	0	0.00	0	0.00	0	0.00	0	0.00	0.00	0
SRR1748954	1790	0	0.00	0	0.00	0	0.00	0	0.00	0.00	0
SRR1748955	1790	0	0.00	0	0.00	0	0.00	0	0.00	0.00	0
SRR1748956	1790	0	0.00	0	0.00	0	0.00	0	0.00	0.00	0
SRR1748957	1790	7	0.00	5	0.71	2	0.00	0	0.01	0.00	4
SRR1748958	1790	0	0.00	0	0.00	0	0.00	0	0.00	0.00	0
SRR1748959	1790	0	0.00	0	0.00	0	0.00	0	0.00	0.00	0
SRR1748960	1790	0	0.00	0	0.00	0	0.00	0	0.00	0.00	0
SRR1748961	1790	0	0.00	0	0.00	0	0.00	0	0.00	0.00	0
SRR1748962	1790	0	0.00	0	0.00	0	0.00	0	0.00	0.00	0
SRR1748963	1790	0	0.00	0	0.00	0	0.00	0	0.00	0.00	0
SRR1748964	1790	0	0.00	0	0.00	0	0.00	0	0.00	0.00	0
SRR1748965	1790	0	0.00	0	0.00	0	0.00	0	0.00	0.00	0
SRR1748966	1790	0	0.00	0	0.00	0	0.00	0	0.00	0.00	0
SRR1748967	1790	0	0.00	0	0.00	0	0.00	0	0.00	0.00	0
SRR1748968	1790	0	0.00	0	0.00	0	0.00	0	0.00	0.00	0
SRR1748969	1790	0	0.00	0	0.00	0	0.00	0	0.00	0.00	0
SRR1748970	1790	0	0.00	0	0.00	0	0.00	0	0.00	0.00	0
SRR1748971	1790	0	0.00	0	0.00	0	0.00	0	0.00	0.00	0
SRR1748972	1790	0	0.00	0	0.00	0	0.00	0	0.00	0.00	0
SRR1748973	1790	0	0.00	0	0.00	0	0.00	0	0.00	0.00	0
SRR1748974	1790	0	0.00	0	0.00	0	0.00	0	0.00	0.00	0
SRR1748975	1790	0	0.00	0	0.00	0	0.00	0	0.00	0.00	0
SRR1748976	1790	0	0.00	0	0.00	0	0.00	0	0.00	0.00	0
SRR1748977	1790	0	0.00	0	0.00	0	0.00	0	0.00	0.00	0
SRR1748978	1790	1	0.00	0	0.00	1	0.00	0	0.00	0.00	5
SRR1748979	1790	0	0.00	0	0.00	0	0.00	0	0.00	0.00	0
SRR1748980	1790	1	0.00	1	1.00	0	0.00	0	0.00	0.00	1
SRR1748981	1790	0	0.00	0	0.00	0	0.00	0	0.00	0.00	0
SRR1748982	1790	0	0.00	0	0.00	0	0.00	0	0.00	0.00	0
SRR1748983	1790	1	0.00	1	1.00	0	0.00	0	0.00	0.00	1
SRR1748984	1790	0	0.00	0	0.00	0	0.00	0	0.00	0.00	0
SRR1748985	1790	0	0.00	0	0.00	0	0.00	0	0.00	0.00	0
SRR1748986	1790	0	0.00	0	0.00	0	0.00	0	0.00	0.00	0
SRR1748987	1790	0	0.00	0	0.00	0	0.00	0	0.00	0.00	0
SRR1748988	1790	0	0.00	0	0.00	0	0.00	0	0.00	0.00	0
SRR1748989	1790	0	0.00	0	0.00	0	0.00	0	0.00	0.00	0
SRR1748990	1790	0	0.00	0	0.00	0	0.00	0	0.00	0.00	0
SRR1748991	1790	0	0.00	0	0.00	0	0.00	0	0.00	0.00	0
SRR1748992	1790	3	0.00	1	0.33	2	0.00	0	0.00	0.00	2
SRR1748993	1790	9	0.01	8	0.89	1	0.00	0	0.01	0.00	2
SRR1748994	1790	0	0.00	0	0.00	0	0.00	0	0.00	0.00	0
SRR1748995	1790	0	0.00	0	0.00	0	0.00	0	0.00	0.00	0
SRR1748996	1790	0	0.00	0	0.00	0	0.00	0	0.00	0.00	0
SRR1748997	1790	0	0.00	0	0.00	0	0.00	0	0.00	0.00	0
SRR1748998	1790	0	0.00	0	0.00	0	0.00	0	0.00	0.00	0
SRR1748999	1790	0	0.00	0	0.00	0	0.00	0	0.00	0.00	0
SRR1749000	1790	0	0.00	0	0.00	0	0.00	0	0.00	0.00	0
SRR1749001	1790	0	0.00	0	0.00	0	0.00	0	0.00	0.00	0
SRR1749002	1790	1	0.00	1	1.00	0	0.00	0	0.00	0.00	1
SRR1749003	1790	0	0.00	0	0.00	0	0.00	0	0.00	0.00	0
SRR1749004	1790	0	0.00	0	0.00	0	0.00	0	0.00	0.00	0
SRR1749005	1790	0	0.00	0	0.00	0	0.00	0	0.00	0.00	0
SRR1749006	1790	0	0.00	0	0.00	0	0.00	0	0.00	0.00	0
SRR1749007	1790	0	0.00	0	0.00	0	0.00	0	0.00	0.00	0
SRR1749008	1790	0	0.00	0	0.00	0	0.00	0	0.00	0.00	0
SRR1749009	1790	0	0.00	0	0.00	0	0.00	0	0.00	0.00	0
SRR1749010	1790	0	0.00	0	0.00	0	0.00	0	0.00	0.00	0
SRR1749011	1790	0	0.00	0	0.00	0	0.00	0	0.00	0.00	0
SRR1749012	1790	0	0.00	0	0.00	0	0.00	0	0.00	0.00	0
SRR1749013	1790	2	0.00	2	1.00	0	0.00	0	0.00	0.00	1
SRR1749014	1790	0	0.00	0	0.00	0	0.00	0	0.00	0.00	0
SRR1749015	1790	0	0.00	0	0.00	0	0.00	0	0.00	0.00	0
SRR1749016	1790	3	0.00	2	0.67	1	0.00	0	0.01	0.00	7
SRR1749017	1790	0	0.00	0	0.00	0	0.00	0	0.00	0.00	0
SRR1749018	1790	0	0.00	0	0.00	0	0.00	0	0.00	0.00	0
SRR1749019	1790	0	0.00	0	0.00	0	0.00	0	0.00	0.00	0
SRR1749020	1790	0	0.00	0	0.00	0	0.00	0	0.00	0.00	0
SRR1749021	1790	0	0.00	0	0.00	0	0.00	0	0.00	0.00	0
SRR1749022	1790	0	0.00	0	0.00	0	0.00	0	0.00	0.00	0
SRR1749023	1790	0	0.00	0	0.00	0	0.00	0	0.00	0.00	0
SRR1749024	1790	0	0.00	0	0.00	0	0.00	0	0.00	0.00	0
SRR1749025	1790	0	0.00	0	0.00	0	0.00	0	0.00	0.00	0
SRR1749026	1790	0	0.00	0	0.00	0	0.00	0	0.00	0.00	0
SRR1749027	1790	0	0.00	0	0.00	0	0.00	0	0.00	0.00	0
SRR1749028	1790	0	0.00	0	0.00	0	0.00	0	0.00	0.00	0
SRR1749029	1790	0	0.00	0	0.00	0	0.00	0	0.00	0.00	0
SRR1749030	1790	0	0.00	0	0.00	0	0.00	0	0.00	0.00	0
SRR1749031	1790	0	0.00	0	0.00	0	0.00	0	0.00	0.00	0
SRR1749032	1790	0	0.00	0	0.00	0	0.00	0	0.00	0.00	0
SRR1749033	1790	0	0.00	0	0.00	0	0.00	0	0.00	0.00	0
SRR1749034	1790	0	0.00	0	0.00	0	0.00	0	0.00	0.00	0
SRR1749035	1790	0	0.00	0	0.00	0	0.00	0	0.00	0.00	0
SRR1749036	1790	1	0.00	1	1.00	0	0.00	0	0.00	0.00	1
SRR1749037	1790	0	0.00	0	0.00	0	0.00	0	0.00	0.00	0
SRR1749038	1790	0	0.00	0	0.00	0	0.00	0	0.00	0.00	0
SRR1749039	1790	0	0.00	0	0.00	0	0.00	0	0.00	0.00	0
SRR1749040	1790	0	0.00	0	0.00	0	0.00	0	0.00	0.00	0
SRR1749041	1790	0	0.00	0	0.00	0	0.00	0	0.00	0.00	0
SRR1749042	1790	0	0.00	0	0.00	0	0.00	0	0.00	0.00	0
SRR1749043	1790	0	0.00	0	0.00	0	0.00	0	0.00	0.00	0
SRR1749044	1790	0	0.00	0	0.00	0	0.00	0	0.00	0.00	0
SRR1749045	1790	0	0.00	0	0.00	0	0.00	0	0.00	0.00	0
SRR1749046	1790	0	0.00	0	0.00	0	0.00	0	0.00	0.00	0
SRR1749047	1790	0	0.00	0	0.00	0	0.00	0	0.00	0.00	0
SRR1749048	1790	0	0.00	0	0.00	0	0.00	0	0.00	0.00	0
SRR1749049	1790	0	0.00	0	0.00	0	0.00	0	0.00	0.00	0
SRR1749050	1790	0	0.00	0	0.00	0	0.00	0	0.00	0.00	0
SRR1749051	1790	0	0.00	0	0.00	0	0.00	0	0.00	0.00	0
SRR1749052	1790	0	0.00	0	0.00	0	0.00	0	0.00	0.00	0
SRR1749053	1790	0	0.00	0	0.00	0	0.00	0	0.00	0.00	0
SRR1749054	1790	0	0.00	0	0.00	0	0.00	0	0.00	0.00	0
SRR1749055	1790	0	0.00	0	0.00	0	0.00	0	0.00	0.00	0
SRR1749056	1790	0	0.00	0	0.00	0	0.00	0	0.00	0.00	0
SRR1749057	1790	0	0.00	0	0.00	0	0.00	0	0.00	0.00	0
SRR1749058	1790	0	0.00	0	0.00	0	0.00	0	0.00	0.00	0
SRR1749059	1790	0	0.00	0	0.00	0	0.00	0	0.00	0.00	0
SRR1749060	1790	0	0.00	0	0.00	0	0.00	0	0.00	0.00	0
SRR1749061	1790	0	0.00	0	0.00	0	0.00	0	0.00	0.00	0
SRR1749062	1790	0	0.00	0	0.00	0	0.00	0	0.00	0.00	0
SRR1749063	1790	0	0.00	0	0.00	0	0.00	0	0.00	0.00	0
SRR1749064	1790	0	0.00	0	0.00	0	0.00	0	0.00	0.00	0
SRR1749065	1790	0	0.00	0	0.00	0	0.00	0	0.00	0.00	0
SRR1749066	1790	0	0.00	0	0.00	0	0.00	0	0.00	0.00	0
SRR1749067	1790	0	0.00	0	0.00	0	0.00	0	0.00	0.00	0
SRR1749068	1790	0	0.00	0	0.00	0	0.00	0	0.00	0.00	0
SRR1749069	1790	0	0.00	0	0.00	0	0.00	0	0.00	0.00	0
SRR1749070	1790	0	0.00	0	0.00	0	0.00	0	0.00	0.00	0
SRR1749071	1790	0	0.00	0	0.00	0	0.00	0	0.00	0.00	0
SRR1749072	1790	0	0.00	0	0.00	0	0.00	0	0.00	0.00	0
SRR1749073	1790	0	0.00	0	0.00	0	0.00	0	0.00	0.00	0
SRR1749074	1790	0	0.00	0	0.00	0	0.00	0	0.00	0.00	0
SRR1749075	1790	0	0.00	0	0.00	0	0.00	0	0.00	0.00	0
SRR1749076	1790	0	0.00	0	0.00	0	0.00	0	0.00	0.00	0
SRR1749077	1790	0	0.00	0	0.00	0	0.00	0	0.00	0.00	0
SRR1749078	1790	0	0.00	0	0.00	0	0.00	0	0.00	0.00	0
SRR1749079	1790	0	0.00	0	0.00	0	0.00	0	0.00	0.00	0
SRR1749080	1790	0	0.00	0	0.00	0	0.00	0	0.00	0.00	0
SRR1749081	1790	0	0.00	0	0.00	0	0.00	0	0.00	0.00	0
SRR1749082	1790	0	0.00	0	0.00	0	0.00	0	0.00	0.00	0
SRR1749083	1790	1	0.00	1	1.00	0	0.00	0	0.00	0.00	1
SRR1749084	1790	1	0.00	1	1.00	0	0.00	0	0.00	0.00	1
SRR1749085	1790	0	0.00	0	0.00	0	0.00	0	0.00	0.00	0
SRR1749086	1790	0	0.00	0	0.00	0	0.00	0	0.00	0.00	0
SRR1749087	1790	0	0.00	0	0.00	0	0.00	0	0.00	0.00	0
SRR1749088	1790	0	0.00	0	0.00	0	0.00	0	0.00	0.00	0
SRR1749089	1790	0	0.00	0	0.00	0	0.00	0	0.00	0.00	0
SRR1749090	1790	6	0.00	6	1.00	0	0.00	0	0.00	0.00	1
SRR1749091	1790	0	0.00	0	0.00	0	0.00	0	0.00	0.00	0
SRR1749092	1790	0	0.00	0	0.00	0	0.00	0	0.00	0.00	0
SRR1749093	1790	0	0.00	0	0.00	0	0.00	0	0.00	0.00	0
SRR1749094	1790	0	0.00	0	0.00	0	0.00	0	0.00	0.00	0
SRR1749095	1790	0	0.00	0	0.00	0	0.00	0	0.00	0.00	0
SRR1749096	1790	2	0.00	2	1.00	0	0.00	0	0.00	0.00	1
SRR1749097	1790	0	0.00	0	0.00	0	0.00	0	0.00	0.00	0
SRR1749098	1790	0	0.00	0	0.00	0	0.00	0	0.00	0.00	0
SRR1749099	1790	0	0.00	0	0.00	0	0.00	0	0.00	0.00	0
SRR1749100	1790	0	0.00	0	0.00	0	0.00	0	0.00	0.00	0
SRR1749101	1790	0	0.00	0	0.00	0	0.00	0	0.00	0.00	0
SRR1749102	1790	0	0.00	0	0.00	0	0.00	0	0.00	0.00	0
SRR1749103	1790	0	0.00	0	0.00	0	0.00	0	0.00	0.00	0
SRR1749104	1790	0	0.00	0	0.00	0	0.00	0	0.00	0.00	0
SRR1749105	1790	0	0.00	0	0.00	0	0.00	0	0.00	0.00	0
SRR1749106	1790	0	0.00	0	0.00	0	0.00	0	0.00	0.00	0
SRR1749107	1790	0	0.00	0	0.00	0	0.00	0	0.00	0.00	0
SRR1749108	1790	0	0.00	0	0.00	0	0.00	0	0.00	0.00	0
SRR1749109	1790	1	0.00	1	1.00	0	0.00	0	0.00	0.00	1
SRR1749110	1790	0	0.00	0	0.00	0	0.00	0	0.00	0.00	0
SRR1749111	1790	0	0.00	0	0.00	0	0.00	0	0.00	0.00	0
SRR1749112	1790	0	0.00	0	0.00	0	0.00	0	0.00	0.00	0
SRR1749113	1790	0	0.00	0	0.00	0	0.00	0	0.00	0.00	0
SRR1749114	1790	0	0.00	0	0.00	0	0.00	0	0.00	0.00	0
SRR1749115	1790	0	0.00	0	0.00	0	0.00	0	0.00	0.00	0
SRR1749116	1790	0	0.00	0	0.00	0	0.00	0	0.00	0.00	0
SRR1749117	1790	0	0.00	0	0.00	0	0.00	0	0.00	0.00	0
SRR1749118	1790	0	0.00	0	0.00	0	0.00	0	0.00	0.00	0
SRR1749119	1790	0	0.00	0	0.00	0	0.00	0	0.00	0.00	0
SRR1749120	1790	0	0.00	0	0.00	0	0.00	0	0.00	0.00	0
SRR1749121	1790	0	0.00	0	0.00	0	0.00	0	0.00	0.00	0
SRR1749122	1790	0	0.00	0	0.00	0	0.00	0	0.00	0.00	0
SRR1749123	1790	0	0.00	0	0.00	0	0.00	0	0.00	0.00	0
SRR1749124	1790	0	0.00	0	0.00	0	0.00	0	0.00	0.00	0
SRR1749125	1790	0	0.00	0	0.00	0	0.00	0	0.00	0.00	0
SRR1749126	1790	0	0.00	0	0.00	0	0.00	0	0.00	0.00	0
SRR1749127	1790	0	0.00	0	0.00	0	0.00	0	0.00	0.00	0
SRR1749128	1790	0	0.00	0	0.00	0	0.00	0	0.00	0.00	0
SRR1749129	1790	0	0.00	0	0.00	0	0.00	0	0.00	0.00	0
SRR1749130	1790	0	0.00	0	0.00	0	0.00	0	0.00	0.00	0
SRR1749131	1790	0	0.00	0	0.00	0	0.00	0	0.00	0.00	0
SRR1749132	1790	0	0.00	0	0.00	0	0.00	0	0.00	0.00	0
SRR1749133	1790	0	0.00	0	0.00	0	0.00	0	0.00	0.00	0
SRR1749134	1790	0	0.00	0	0.00	0	0.00	0	0.00	0.00	0
SRR1749135	1790	0	0.00	0	0.00	0	0.00	0	0.00	0.00	0
SRR1749136	1790	0	0.00	0	0.00	0	0.00	0	0.00	0.00	0
SRR1749137	1790	0	0.00	0	0.00	0	0.00	0	0.00	0.00	0
SRR1749138	1790	0	0.00	0	0.00	0	0.00	0	0.00	0.00	0
SRR1749139	1790	0	0.00	0	0.00	0	0.00	0	0.00	0.00	0
SRR1749140	1790	0	0.00	0	0.00	0	0.00	0	0.00	0.00	0
SRR1749141	1790	0	0.00	0	0.00	0	0.00	0	0.00	0.00	0
SRR1749142	1790	0	0.00	0	0.00	0	0.00	0	0.00	0.00	0
SRR1749143	1790	0	0.00	0	0.00	0	0.00	0	0.00	0.00	0
SRR1749144	1790	0	0.00	0	0.00	0	0.00	0	0.00	0.00	0
SRR1749145	1790	0	0.00	0	0.00	0	0.00	0	0.00	0.00	0
SRR1749146	1790	0	0.00	0	0.00	0	0.00	0	0.00	0.00	0
SRR1749147	1790	0	0.00	0	0.00	0	0.00	0	0.00	0.00	0
SRR1749148	1790	0	0.00	0	0.00	0	0.00	0	0.00	0.00	0
SRR1749149	1790	0	0.00	0	0.00	0	0.00	0	0.00	0.00	0
SRR1749150	1790	0	0.00	0	0.00	0	0.00	0	0.00	0.00	0
SRR1749151	1790	0	0.00	0	0.00	0	0.00	0	0.00	0.00	0
SRR1749152	1790	0	0.00	0	0.00	0	0.00	0	0.00	0.00	0
SRR1749153	1790	0	0.00	0	0.00	0	0.00	0	0.00	0.00	0
SRR1749154	1790	0	0.00	0	0.00	0	0.00	0	0.00	0.00	0
SRR1749155	1790	0	0.00	0	0.00	0	0.00	0	0.00	0.00	0
SRR1749156	1790	0	0.00	0	0.00	0	0.00	0	0.00	0.00	0
SRR1749157	1790	0	0.00	0	0.00	0	0.00	0	0.00	0.00	0
SRR1749158	1790	0	0.00	0	0.00	0	0.00	0	0.00	0.00	0
SRR1749159	1790	1	0.00	1	1.00	0	0.00	0	0.00	0.00	1
SRR1749160	1790	0	0.00	0	0.00	0	0.00	0	0.00	0.00	0
SRR1749161	1790	0	0.00	0	0.00	0	0.00	0	0.00	0.00	0
SRR1749162	1790	0	0.00	0	0.00	0	0.00	0	0.00	0.00	0
SRR1749163	1790	0	0.00	0	0.00	0	0.00	0	0.00	0.00	0
SRR1749164	1790	0	0.00	0	0.00	0	0.00	0	0.00	0.00	0
SRR1749165	1790	0	0.00	0	0.00	0	0.00	0	0.00	0.00	0
SRR1749166	1790	0	0.00	0	0.00	0	0.00	0	0.00	0.00	0
SRR1749167	1790	0	0.00	0	0.00	0	0.00	0	0.00	0.00	0
SRR1749168	1790	0	0.00	0	0.00	0	0.00	0	0.00	0.00	0
SRR1749169	1790	0	0.00	0	0.00	0	0.00	0	0.00	0.00	0
SRR1749170	1790	0	0.00	0	0.00	0	0.00	0	0.00	0.00	0
SRR1749171	1790	0	0.00	0	0.00	0	0.00	0	0.00	0.00	0
SRR1749172	1790	0	0.00	0	0.00	0	0.00	0	0.00	0.00	0
SRR1749173	1790	0	0.00	0	0.00	0	0.00	0	0.00	0.00	0
SRR1749174	1790	0	0.00	0	0.00	0	0.00	0	0.00	0.00	0
SRR1749175	1790	0	0.00	0	0.00	0	0.00	0	0.00	0.00	0
SRR1749176	1790	0	0.00	0	0.00	0	0.00	0	0.00	0.00	0
SRR1749177	1790	0	0.00	0	0.00	0	0.00	0	0.00	0.00	0
SRR1749178	1790	0	0.00	0	0.00	0	0.00	0	0.00	0.00	0
SRR1749179	1790	0	0.00	0	0.00	0	0.00	0	0.00	0.00	0
SRR1749180	1790	0	0.00	0	0.00	0	0.00	0	0.00	0.00	0
SRR1749181	1790	0	0.00	0	0.00	0	0.00	0	0.00	0.00	0
SRR1749182	1790	0	0.00	0	0.00	0	0.00	0	0.00	0.00	0
SRR1749183	1790	0	0.00	0	0.00	0	0.00	0	0.00	0.00	0
SRR1749184	1790	0	0.00	0	0.00	0	0.00	0	0.00	0.00	0
SRR1749185	1790	0	0.00	0	0.00	0	0.00	0	0.00	0.00	0
SRR1749186	1790	0	0.00	0	0.00	0	0.00	0	0.00	0.00	0
SRR1749187	1790	0	0.00	0	0.00	0	0.00	0	0.00	0.00	0
SRR1749188	1790	0	0.00	0	0.00	0	0.00	0	0.00	0.00	0
SRR1749189	1790	0	0.00	0	0.00	0	0.00	0	0.00	0.00	0
SRR1749190	1790	0	0.00	0	0.00	0	0.00	0	0.00	0.00	0
SRR1749191	1790	0	0.00	0	0.00	0	0.00	0	0.00	0.00	0
SRR1749192	1790	0	0.00	0	0.00	0	0.00	0	0.00	0.00	0
SRR1749193	1790	0	0.00	0	0.00	0	0.00	0	0.00	0.00	0
SRR1749194	1790	0	0.00	0	0.00	0	0.00	0	0.00	0.00	0
SRR1749195	1790	0	0.00	0	0.00	0	0.00	0	0.00	0.00	0
SRR1749196	1790	0	0.00	0	0.00	0	0.00	0	0.00	0.00	0
SRR1749197	1790	0	0.00	0	0.00	0	0.00	0	0.00	0.00	0
SRR1749198	1790	0	0.00	0	0.00	0	0.00	0	0.00	0.00	0
SRR1749199	1790	0	0.00	0	0.00	0	0.00	0	0.00	0.00	0
SRR1749200	1790	0	0.00	0	0.00	0	0.00	0	0.00	0.00	0
SRR1749201	1790	0	0.00	0	0.00	0	0.00	0	0.00	0.00	0
SRR1749202	1790	0	0.00	0	0.00	0	0.00	0	0.00	0.00	0
SRR1749203	1790	0	0.00	0	0.00	0	0.00	0	0.00	0.00	0
SRR1749204	1790	0	0.00	0	0.00	0	0.00	0	0.00	0.00	0
SRR1749205	1790	0	0.00	0	0.00	0	0.00	0	0.00	0.00	0
SRR1749206	1790	0	0.00	0	0.00	0	0.00	0	0.00	0.00	0
SRR1749207	1790	0	0.00	0	0.00	0	0.00	0	0.00	0.00	0
SRR1749208	1790	0	0.00	0	0.00	0	0.00	0	0.00	0.00	0
SRR1749209	1790	0	0.00	0	0.00	0	0.00	0	0.00	0.00	0
SRR1749210	1790	0	0.00	0	0.00	0	0.00	0	0.00	0.00	0
SRR1749211	1790	0	0.00	0	0.00	0	0.00	0	0.00	0.00	0
SRR1749212	1790	0	0.00	0	0.00	0	0.00	0	0.00	0.00	0
SRR1749213	1790	0	0.00	0	0.00	0	0.00	0	0.00	0.00	0
SRR1749214	1790	0	0.00	0	0.00	0	0.00	0	0.00	0.00	0
SRR1749215	1790	0	0.00	0	0.00	0	0.00	0	0.00	0.00	0
SRR1749216	1790	0	0.00	0	0.00	0	0.00	0	0.00	0.00	0
SRR1749217	1790	0	0.00	0	0.00	0	0.00	0	0.00	0.00	0
SRR1749218	1790	0	0.00	0	0.00	0	0.00	0	0.00	0.00	0
SRR1749219	1790	1	0.00	1	1.00	0	0.00	0	0.00	0.00	1
SRR1749220	1790	0	0.00	0	0.00	0	0.00	0	0.00	0.00	0
SRR1749221	1790	0	0.00	0	0.00	0	0.00	0	0.00	0.00	0
SRR1749222	1790	0	0.00	0	0.00	0	0.00	0	0.00	0.00	0
SRR1749223	1790	0	0.00	0	0.00	0	0.00	0	0.00	0.00	0
SRR1749224	1790	0	0.00	0	0.00	0	0.00	0	0.00	0.00	0
SRR1749225	1790	0	0.00	0	0.00	0	0.00	0	0.00	0.00	0
SRR1749226	1790	0	0.00	0	0.00	0	0.00	0	0.00	0.00	0
SRR1749227	1790	0	0.00	0	0.00	0	0.00	0	0.00	0.00	0
SRR1749228	1790	0	0.00	0	0.00	0	0.00	0	0.00	0.00	0
SRR1749229	1790	0	0.00	0	0.00	0	0.00	0	0.00	0.00	0
SRR1749230	1790	0	0.00	0	0.00	0	0.00	0	0.00	0.00	0
SRR1749231	1790	0	0.00	0	0.00	0	0.00	0	0.00	0.00	0
SRR1749232	1790	0	0.00	0	0.00	0	0.00	0	0.00	0.00	0
SRR1749233	1790	0	0.00	0	0.00	0	0.00	0	0.00	0.00	0
SRR1749234	1790	0	0.00	0	0.00	0	0.00	0	0.00	0.00	0
SRR1749235	1790	0	0.00	0	0.00	0	0.00	0	0.00	0.00	0
SRR1749236	1790	0	0.00	0	0.00	0	0.00	0	0.00	0.00	0
SRR1749237	1790	0	0.00	0	0.00	0	0.00	0	0.00	0.00	0
SRR1749238	1790	0	0.00	0	0.00	0	0.00	0	0.00	0.00	0
SRR1749239	1790	0	0.00	0	0.00	0	0.00	0	0.00	0.00	0
SRR1749240	1790	0	0.00	0	0.00	0	0.00	0	0.00	0.00	0
SRR1749241	1790	0	0.00	0	0.00	0	0.00	0	0.00	0.00	0
SRR1749242	1790	0	0.00	0	0.00	0	0.00	0	0.00	0.00	0
SRR1749243	1790	0	0.00	0	0.00	0	0.00	0	0.00	0.00	0
SRR1749244	1790	0	0.00	0	0.00	0	0.00	0	0.00	0.00	0
SRR1749245	1790	0	0.00	0	0.00	0	0.00	0	0.00	0.00	0
SRR1749246	1790	0	0.00	0	0.00	0	0.00	0	0.00	0.00	0
SRR1749247	1790	0	0.00	0	0.00	0	0.00	0	0.00	0.00	0
SRR1749248	1790	0	0.00	0	0.00	0	0.00	0	0.00	0.00	0
SRR1749249	1790	0	0.00	0	0.00	0	0.00	0	0.00	0.00	0
SRR1749250	1790	1	0.00	1	1.00	0	0.00	0	0.00	0.00	1
SRR1749251	1790	0	0.00	0	0.00	0	0.00	0	0.00	0.00	0
SRR1749252	1790	0	0.00	0	0.00	0	0.00	0	0.00	0.00	0
SRR1749253	1790	0	0.00	0	0.00	0	0.00	0	0.00	0.00	0
SRR1749254	1790	0	0.00	0	0.00	0	0.00	0	0.00	0.00	0
SRR1749255	1790	0	0.00	0	0.00	0	0.00	0	0.00	0.00	0
SRR1749256	1790	0	0.00	0	0.00	0	0.00	0	0.00	0.00	0
SRR1749257	1790	0	0.00	0	0.00	0	0.00	0	0.00	0.00	0
SRR1749258	1790	0	0.00	0	0.00	0	0.00	0	0.00	0.00	0
SRR1749259	1790	0	0.00	0	0.00	0	0.00	0	0.00	0.00	0
SRR1749260	1790	0	0.00	0	0.00	0	0.00	0	0.00	0.00	0
SRR1749261	1790	0	0.00	0	0.00	0	0.00	0	0.00	0.00	0
SRR1749262	1790	0	0.00	0	0.00	0	0.00	0	0.00	0.00	0
SRR1749263	1790	0	0.00	0	0.00	0	0.00	0	0.00	0.00	0
SRR1749264	1790	0	0.00	0	0.00	0	0.00	0	0.00	0.00	0
SRR1749265	1790	0	0.00	0	0.00	0	0.00	0	0.00	0.00	0
SRR1749266	1790	0	0.00	0	0.00	0	0.00	0	0.00	0.00	0
SRR1749267	1790	0	0.00	0	0.00	0	0.00	0	0.00	0.00	0
SRR1749268	1790	0	0.00	0	0.00	0	0.00	0	0.00	0.00	0
SRR1749269	1790	0	0.00	0	0.00	0	0.00	0	0.00	0.00	0
SRR1749270	1790	0	0.00	0	0.00	0	0.00	0	0.00	0.00	0
SRR1749271	1790	0	0.00	0	0.00	0	0.00	0	0.00	0.00	0
SRR1749272	1790	0	0.00	0	0.00	0	0.00	0	0.00	0.00	0
SRR1749273	1790	0	0.00	0	0.00	0	0.00	0	0.00	0.00	0
SRR1749274	1790	0	0.00	0	0.00	0	0.00	0	0.00	0.00	0
SRR1749275	1790	0	0.00	0	0.00	0	0.00	0	0.00	0.00	0
SRR1749276	1790	0	0.00	0	0.00	0	0.00	0	0.00	0.00	0
SRR1749277	1790	0	0.00	0	0.00	0	0.00	0	0.00	0.00	0
SRR1749278	1790	0	0.00	0	0.00	0	0.00	0	0.00	0.00	0
SRR1749279	1790	0	0.00	0	0.00	0	0.00	0	0.00	0.00	0
SRR1749280	1790	0	0.00	0	0.00	0	0.00	0	0.00	0.00	0
SRR1749281	1790	0	0.00	0	0.00	0	0.00	0	0.00	0.00	0
SRR1749282	1790	0	0.00	0	0.00	0	0.00	0	0.00	0.00	0
SRR1749283	1790	0	0.00	0	0.00	0	0.00	0	0.00	0.00	0
SRR1749284	1790	0	0.00	0	0.00	0	0.00	0	0.00	0.00	0
SRR1749285	1790	0	0.00	0	0.00	0	0.00	0	0.00	0.00	0
SRR1749286	1790	0	0.00	0	0.00	0	0.00	0	0.00	0.00	0
SRR1749287	1790	0	0.00	0	0.00	0	0.00	0	0.00	0.00	0
SRR1749288	1790	0	0.00	0	0.00	0	0.00	0	0.00	0.00	0
SRR1749289	1790	0	0.00	0	0.00	0	0.00	0	0.00	0.00	0
SRR1749290	1790	0	0.00	0	0.00	0	0.00	0	0.00	0.00	0
SRR1749291	1790	0	0.00	0	0.00	0	0.00	0	0.00	0.00	0
SRR1749292	1790	0	0.00	0	0.00	0	0.00	0	0.00	0.00	0
SRR1749293	1790	1	0.00	0	0.00	1	0.00	0	0.00	0.00	2
SRR1749294	1790	0	0.00	0	0.00	0	0.00	0	0.00	0.00	0
SRR1749295	1790	0	0.00	0	0.00	0	0.00	0	0.00	0.00	0
SRR1749296	1790	0	0.00	0	0.00	0	0.00	0	0.00	0.00	0
SRR1749297	1790	0	0.00	0	0.00	0	0.00	0	0.00	0.00	0
SRR1749298	1790	0	0.00	0	0.00	0	0.00	0	0.00	0.00	0
SRR1749299	1790	0	0.00	0	0.00	0	0.00	0	0.00	0.00	0
SRR1749300	1790	0	0.00	0	0.00	0	0.00	0	0.00	0.00	0
SRR1749301	1790	0	0.00	0	0.00	0	0.00	0	0.00	0.00	0
SRR1749302	1790	0	0.00	0	0.00	0	0.00	0	0.00	0.00	0
SRR1749303	1790	0	0.00	0	0.00	0	0.00	0	0.00	0.00	0
SRR1749304	1790	0	0.00	0	0.00	0	0.00	0	0.00	0.00	0
SRR1749305	1790	0	0.00	0	0.00	0	0.00	0	0.00	0.00	0
SRR1749306	1790	0	0.00	0	0.00	0	0.00	0	0.00	0.00	0
SRR1749307	1790	0	0.00	0	0.00	0	0.00	0	0.00	0.00	0
SRR1749308	1790	0	0.00	0	0.00	0	0.00	0	0.00	0.00	0
SRR1749309	1790	0	0.00	0	0.00	0	0.00	0	0.00	0.00	0
SRR1749310	1790	0	0.00	0	0.00	0	0.00	0	0.00	0.00	0
SRR1749311	1790	0	0.00	0	0.00	0	0.00	0	0.00	0.00	0
SRR1749312	1790	0	0.00	0	0.00	0	0.00	0	0.00	0.00	0
SRR1749313	1790	0	0.00	0	0.00	0	0.00	0	0.00	0.00	0
SRR1749314	1790	0	0.00	0	0.00	0	0.00	0	0.00	0.00	0
SRR1749315	1790	0	0.00	0	0.00	0	0.00	0	0.00	0.00	0
SRR1749316	1790	0	0.00	0	0.00	0	0.00	0	0.00	0.00	0
SRR1749317	1790	0	0.00	0	0.00	0	0.00	0	0.00	0.00	0
SRR1749318	1790	0	0.00	0	0.00	0	0.00	0	0.00	0.00	0
SRR1749319	1790	0	0.00	0	0.00	0	0.00	0	0.00	0.00	0
SRR1749320	1790	0	0.00	0	0.00	0	0.00	0	0.00	0.00	0
SRR1749321	1790	0	0.00	0	0.00	0	0.00	0	0.00	0.00	0
SRR1749322	1790	0	0.00	0	0.00	0	0.00	0	0.00	0.00	0
SRR1749323	1790	0	0.00	0	0.00	0	0.00	0	0.00	0.00	0
SRR1749324	1790	0	0.00	0	0.00	0	0.00	0	0.00	0.00	0
SRR1749325	1790	0	0.00	0	0.00	0	0.00	0	0.00	0.00	0
SRR1749326	1790	0	0.00	0	0.00	0	0.00	0	0.00	0.00	0
SRR1749327	1790	0	0.00	0	0.00	0	0.00	0	0.00	0.00	0
SRR1749328	1790	0	0.00	0	0.00	0	0.00	0	0.00	0.00	0
SRR1749329	1790	0	0.00	0	0.00	0	0.00	0	0.00	0.00	0
SRR1749330	1790	0	0.00	0	0.00	0	0.00	0	0.00	0.00	0
SRR1749331	1790	0	0.00	0	0.00	0	0.00	0	0.00	0.00	0
SRR1749332	1790	0	0.00	0	0.00	0	0.00	0	0.00	0.00	0
SRR1749333	1790	0	0.00	0	0.00	0	0.00	0	0.00	0.00	0
SRR1749334	1790	0	0.00	0	0.00	0	0.00	0	0.00	0.00	0
SRR1749335	1790	0	0.00	0	0.00	0	0.00	0	0.00	0.00	0
SRR1749336	1790	0	0.00	0	0.00	0	0.00	0	0.00	0.00	0
SRR1749337	1790	0	0.00	0	0.00	0	0.00	0	0.00	0.00	0
SRR1749338	1790	0	0.00	0	0.00	0	0.00	0	0.00	0.00	0
SRR1749339	1790	0	0.00	0	0.00	0	0.00	0	0.00	0.00	0
SRR1749340	1790	0	0.00	0	0.00	0	0.00	0	0.00	0.00	0
SRR1749341	1790	0	0.00	0	0.00	0	0.00	0	0.00	0.00	0
SRR1749342	1790	0	0.00	0	0.00	0	0.00	0	0.00	0.00	0
SRR1749343	1790	0	0.00	0	0.00	0	0.00	0	0.00	0.00	0
SRR1749344	1790	0	0.00	0	0.00	0	0.00	0	0.00	0.00	0
SRR1749345	1790	0	0.00	0	0.00	0	0.00	0	0.00	0.00	0
SRR1749346	1790	0	0.00	0	0.00	0	0.00	0	0.00	0.00	0
SRR1749347	1790	0	0.00	0	0.00	0	0.00	0	0.00	0.00	0
SRR1749348	1790	1	0.00	1	1.00	0	0.00	0	0.00	0.00	1
SRR1749349	1790	0	0.00	0	0.00	0	0.00	0	0.00	0.00	0
SRR1749350	1790	0	0.00	0	0.00	0	0.00	0	0.00	0.00	0
SRR1749351	1790	0	0.00	0	0.00	0	0.00	0	0.00	0.00	0
SRR1749352	1790	0	0.00	0	0.00	0	0.00	0	0.00	0.00	0
SRR1749353	1790	0	0.00	0	0.00	0	0.00	0	0.00	0.00	0
SRR1749354	1790	0	0.00	0	0.00	0	0.00	0	0.00	0.00	0
SRR1749355	1790	0	0.00	0	0.00	0	0.00	0	0.00	0.00	0
SRR1749356	1790	0	0.00	0	0.00	0	0.00	0	0.00	0.00	0
SRR1749357	1790	0	0.00	0	0.00	0	0.00	0	0.00	0.00	0
SRR1749358	1790	0	0.00	0	0.00	0	0.00	0	0.00	0.00	0
SRR1749359	1790	0	0.00	0	0.00	0	0.00	0	0.00	0.00	0
SRR1749360	1790	0	0.00	0	0.00	0	0.00	0	0.00	0.00	0
SRR1749361	1790	0	0.00	0	0.00	0	0.00	0	0.00	0.00	0
SRR1749362	1790	1	0.00	1	1.00	0	0.00	0	0.00	0.00	1
SRR1749363	1790	0	0.00	0	0.00	0	0.00	0	0.00	0.00	0
SRR1749364	1790	0	0.00	0	0.00	0	0.00	0	0.00	0.00	0
SRR1749365	1790	0	0.00	0	0.00	0	0.00	0	0.00	0.00	0
SRR1749366	1790	0	0.00	0	0.00	0	0.00	0	0.00	0.00	0
SRR1749367	1790	0	0.00	0	0.00	0	0.00	0	0.00	0.00	0
SRR1749368	1790	0	0.00	0	0.00	0	0.00	0	0.00	0.00	0
SRR1749369	1790	0	0.00	0	0.00	0	0.00	0	0.00	0.00	0
SRR1749370	1790	0	0.00	0	0.00	0	0.00	0	0.00	0.00	0
SRR1749371	1790	0	0.00	0	0.00	0	0.00	0	0.00	0.00	0
SRR1749372	1790	0	0.00	0	0.00	0	0.00	0	0.00	0.00	0
SRR1749373	1790	0	0.00	0	0.00	0	0.00	0	0.00	0.00	0
SRR1749374	1790	0	0.00	0	0.00	0	0.00	0	0.00	0.00	0
SRR1749375	1790	1	0.00	1	1.00	0	0.00	0	0.00	0.00	1
SRR1749376	1790	0	0.00	0	0.00	0	0.00	0	0.00	0.00	0
SRR1749377	1790	0	0.00	0	0.00	0	0.00	0	0.00	0.00	0
SRR1749378	1790	0	0.00	0	0.00	0	0.00	0	0.00	0.00	0
SRR1749379	1790	0	0.00	0	0.00	0	0.00	0	0.00	0.00	0
SRR1749380	1790	0	0.00	0	0.00	0	0.00	0	0.00	0.00	0
SRR1749381	1790	0	0.00	0	0.00	0	0.00	0	0.00	0.00	0
SRR1749382	1790	0	0.00	0	0.00	0	0.00	0	0.00	0.00	0
SRR1749383	1790	0	0.00	0	0.00	0	0.00	0	0.00	0.00	0
SRR1749384	1790	0	0.00	0	0.00	0	0.00	0	0.00	0.00	0
SRR1749385	1790	0	0.00	0	0.00	0	0.00	0	0.00	0.00	0
SRR1749386	1790	0	0.00	0	0.00	0	0.00	0	0.00	0.00	0
SRR1749387	1790	0	0.00	0	0.00	0	0.00	0	0.00	0.00	0
SRR1749388	1790	0	0.00	0	0.00	0	0.00	0	0.00	0.00	0
SRR1749389	1790	0	0.00	0	0.00	0	0.00	0	0.00	0.00	0
SRR1749390	1790	0	0.00	0	0.00	0	0.00	0	0.00	0.00	0
SRR1749391	1790	0	0.00	0	0.00	0	0.00	0	0.00	0.00	0
SRR1749392	1790	0	0.00	0	0.00	0	0.00	0	0.00	0.00	0
SRR1749393	1790	0	0.00	0	0.00	0	0.00	0	0.00	0.00	0
SRR1749394	1790	0	0.00	0	0.00	0	0.00	0	0.00	0.00	0
SRR1749395	1790	0	0.00	0	0.00	0	0.00	0	0.00	0.00	0
SRR1749396	1790	0	0.00	0	0.00	0	0.00	0	0.00	0.00	0
SRR1749397	1790	0	0.00	0	0.00	0	0.00	0	0.00	0.00	0
SRR1749398	1790	0	0.00	0	0.00	0	0.00	0	0.00	0.00	0
SRR1749399	1790	0	0.00	0	0.00	0	0.00	0	0.00	0.00	0
SRR1749400	1790	0	0.00	0	0.00	0	0.00	0	0.00	0.00	0
SRR1749401	1790	0	0.00	0	0.00	0	0.00	0	0.00	0.00	0
SRR1749402	1790	0	0.00	0	0.00	0	0.00	0	0.00	0.00	0
SRR1749403	1790	0	0.00	0	0.00	0	0.00	0	0.00	0.00	0
SRR1749404	1790	0	0.00	0	0.00	0	0.00	0	0.00	0.00	0
SRR1749405	1790	0	0.00	0	0.00	0	0.00	0	0.00	0.00	0
SRR1749406	1790	0	0.00	0	0.00	0	0.00	0	0.00	0.00	0
SRR1749407	1790	0	0.00	0	0.00	0	0.00	0	0.00	0.00	0
SRR1749408	1790	0	0.00	0	0.00	0	0.00	0	0.00	0.00	0
SRR1749409	1790	0	0.00	0	0.00	0	0.00	0	0.00	0.00	0
SRR1749410	1790	0	0.00	0	0.00	0	0.00	0	0.00	0.00	0
SRR1749411	1790	1	0.00	1	1.00	0	0.00	0	0.00	0.00	1
SRR1749412	1790	0	0.00	0	0.00	0	0.00	0	0.00	0.00	0
SRR1749413	1790	0	0.00	0	0.00	0	0.00	0	0.00	0.00	0
SRR1749414	1790	0	0.00	0	0.00	0	0.00	0	0.00	0.00	0
SRR1749415	1790	0	0.00	0	0.00	0	0.00	0	0.00	0.00	0
SRR1749416	1790	0	0.00	0	0.00	0	0.00	0	0.00	0.00	0
SRR1749417	1790	0	0.00	0	0.00	0	0.00	0	0.00	0.00	0
SRR1749418	1790	0	0.00	0	0.00	0	0.00	0	0.00	0.00	0
SRR1749419	1790	0	0.00	0	0.00	0	0.00	0	0.00	0.00	0
SRR1749420	1790	0	0.00	0	0.00	0	0.00	0	0.00	0.00	0
SRR1749421	1790	0	0.00	0	0.00	0	0.00	0	0.00	0.00	0
SRR1749422	1790	0	0.00	0	0.00	0	0.00	0	0.00	0.00	0
SRR1749423	1790	0	0.00	0	0.00	0	0.00	0	0.00	0.00	0
SRR1749424	1790	0	0.00	0	0.00	0	0.00	0	0.00	0.00	0
SRR1749425	1790	0	0.00	0	0.00	0	0.00	0	0.00	0.00	0
SRR1749426	1790	0	0.00	0	0.00	0	0.00	0	0.00	0.00	0
SRR1749427	1790	0	0.00	0	0.00	0	0.00	0	0.00	0.00	0
SRR1749428	1790	0	0.00	0	0.00	0	0.00	0	0.00	0.00	0
SRR1749429	1790	0	0.00	0	0.00	0	0.00	0	0.00	0.00	0
SRR1749430	1790	0	0.00	0	0.00	0	0.00	0	0.00	0.00	0
SRR1749431	1790	0	0.00	0	0.00	0	0.00	0	0.00	0.00	0
SRR1749432	1790	0	0.00	0	0.00	0	0.00	0	0.00	0.00	0
SRR1749433	1790	0	0.00	0	0.00	0	0.00	0	0.00	0.00	0
SRR1749434	1790	0	0.00	0	0.00	0	0.00	0	0.00	0.00	0
SRR1749435	1790	0	0.00	0	0.00	0	0.00	0	0.00	0.00	0
SRR1749436	1790	0	0.00	0	0.00	0	0.00	0	0.00	0.00	0
SRR1749437	1790	0	0.00	0	0.00	0	0.00	0	0.00	0.00	0
SRR1749438	1790	0	0.00	0	0.00	0	0.00	0	0.00	0.00	0
SRR1749439	1790	0	0.00	0	0.00	0	0.00	0	0.00	0.00	0
SRR1749440	1790	0	0.00	0	0.00	0	0.00	0	0.00	0.00	0
SRR1749441	1790	0	0.00	0	0.00	0	0.00	0	0.00	0.00	0
SRR1749442	1790	0	0.00	0	0.00	0	0.00	0	0.00	0.00	0
SRR1749443	1790	0	0.00	0	0.00	0	0.00	0	0.00	0.00	0
SRR1749444	1790	0	0.00	0	0.00	0	0.00	0	0.00	0.00	0
SRR1749445	1790	0	0.00	0	0.00	0	0.00	0	0.00	0.00	0
SRR1749446	1790	0	0.00	0	0.00	0	0.00	0	0.00	0.00	0
SRR1749447	1790	0	0.00	0	0.00	0	0.00	0	0.00	0.00	0
SRR1749448	1790	0	0.00	0	0.00	0	0.00	0	0.00	0.00	0
SRR1749449	1790	0	0.00	0	0.00	0	0.00	0	0.00	0.00	0
SRR1749450	1790	0	0.00	0	0.00	0	0.00	0	0.00	0.00	0
SRR1749451	1790	0	0.00	0	0.00	0	0.00	0	0.00	0.00	0
SRR1749452	1790	0	0.00	0	0.00	0	0.00	0	0.00	0.00	0
SRR1749453	1790	0	0.00	0	0.00	0	0.00	0	0.00	0.00	0
SRR1749454	1790	0	0.00	0	0.00	0	0.00	0	0.00	0.00	0
SRR1749455	1790	0	0.00	0	0.00	0	0.00	0	0.00	0.00	0
SRR1749456	1790	0	0.00	0	0.00	0	0.00	0	0.00	0.00	0
SRR1749457	1790	0	0.00	0	0.00	0	0.00	0	0.00	0.00	0
SRR1749458	1790	0	0.00	0	0.00	0	0.00	0	0.00	0.00	0
SRR1749459	1790	0	0.00	0	0.00	0	0.00	0	0.00	0.00	0
SRR1749460	1790	0	0.00	0	0.00	0	0.00	0	0.00	0.00	0
SRR1749461	1790	0	0.00	0	0.00	0	0.00	0	0.00	0.00	0
SRR1749462	1790	0	0.00	0	0.00	0	0.00	0	0.00	0.00	0
SRR1749463	1790	0	0.00	0	0.00	0	0.00	0	0.00	0.00	0
SRR1749464	1790	0	0.00	0	0.00	0	0.00	0	0.00	0.00	0
SRR1749465	1790	10	0.01	10	1.00	0	0.00	0	0.01	0.00	1
SRR1749466	1790	0	0.00	0	0.00	0	0.00	0	0.00	0.00	0
SRR1749467	1790	0	0.00	0	0.00	0	0.00	0	0.00	0.00	0
SRR1749468	1790	0	0.00	0	0.00	0	0.00	0	0.00	0.00	0
SRR1749469	1790	0	0.00	0	0.00	0	0.00	0	0.00	0.00	0
SRR1749470	1790	0	0.00	0	0.00	0	0.00	0	0.00	0.00	0
SRR1749471	1790	0	0.00	0	0.00	0	0.00	0	0.00	0.00	0
SRR1749472	1790	0	0.00	0	0.00	0	0.00	0	0.00	0.00	0
SRR1749473	1790	0	0.00	0	0.00	0	0.00	0	0.00	0.00	0
SRR1749474	1790	0	0.00	0	0.00	0	0.00	0	0.00	0.00	0
SRR1749475	1790	0	0.00	0	0.00	0	0.00	0	0.00	0.00	0
SRR1749476	1790	0	0.00	0	0.00	0	0.00	0	0.00	0.00	0
SRR1749477	1790	0	0.00	0	0.00	0	0.00	0	0.00	0.00	0
SRR1749478	1790	0	0.00	0	0.00	0	0.00	0	0.00	0.00	0
SRR1749479	1790	0	0.00	0	0.00	0	0.00	0	0.00	0.00	0
SRR1749480	1790	0	0.00	0	0.00	0	0.00	0	0.00	0.00	0
SRR1749481	1790	0	0.00	0	0.00	0	0.00	0	0.00	0.00	0
SRR1749482	1790	0	0.00	0	0.00	0	0.00	0	0.00	0.00	0
SRR1749483	1790	0	0.00	0	0.00	0	0.00	0	0.00	0.00	0
SRR1749484	1790	0	0.00	0	0.00	0	0.00	0	0.00	0.00	0
SRR1749485	1790	0	0.00	0	0.00	0	0.00	0	0.00	0.00	0
SRR1749486	1790	0	0.00	0	0.00	0	0.00	0	0.00	0.00	0
SRR1749487	1790	0	0.00	0	0.00	0	0.00	0	0.00	0.00	0
SRR1749488	1790	0	0.00	0	0.00	0	0.00	0	0.00	0.00	0
SRR1749489	1790	0	0.00	0	0.00	0	0.00	0	0.00	0.00	0
SRR1749490	1790	0	0.00	0	0.00	0	0.00	0	0.00	0.00	0
SRR1749491	1790	0	0.00	0	0.00	0	0.00	0	0.00	0.00	0
SRR1749492	1790	0	0.00	0	0.00	0	0.00	0	0.00	0.00	0
SRR1749493	1790	0	0.00	0	0.00	0	0.00	0	0.00	0.00	0
SRR1749494	1790	0	0.00	0	0.00	0	0.00	0	0.00	0.00	0
SRR1749495	1790	0	0.00	0	0.00	0	0.00	0	0.00	0.00	0
SRR1749496	1790	1	0.00	1	1.00	0	0.00	0	0.00	0.00	1
SRR1749497	1790	0	0.00	0	0.00	0	0.00	0	0.00	0.00	0
SRR1749498	1790	0	0.00	0	0.00	0	0.00	0	0.00	0.00	0
SRR1749499	1790	0	0.00	0	0.00	0	0.00	0	0.00	0.00	0
SRR1749500	1790	0	0.00	0	0.00	0	0.00	0	0.00	0.00	0
SRR1749501	1790	0	0.00	0	0.00	0	0.00	0	0.00	0.00	0
SRR1749502	1790	0	0.00	0	0.00	0	0.00	0	0.00	0.00	0
SRR1749503	1790	0	0.00	0	0.00	0	0.00	0	0.00	0.00	0
SRR1749504	1790	0	0.00	0	0.00	0	0.00	0	0.00	0.00	0
SRR1749505	1790	0	0.00	0	0.00	0	0.00	0	0.00	0.00	0
SRR1749506	1790	0	0.00	0	0.00	0	0.00	0	0.00	0.00	0
SRR1749507	1790	0	0.00	0	0.00	0	0.00	0	0.00	0.00	0
SRR1749508	1790	0	0.00	0	0.00	0	0.00	0	0.00	0.00	0
SRR1749509	1790	0	0.00	0	0.00	0	0.00	0	0.00	0.00	0
SRR1749510	1790	0	0.00	0	0.00	0	0.00	0	0.00	0.00	0
SRR1749511	1790	0	0.00	0	0.00	0	0.00	0	0.00	0.00	0
SRR1749512	1790	0	0.00	0	0.00	0	0.00	0	0.00	0.00	0
SRR1749513	1790	0	0.00	0	0.00	0	0.00	0	0.00	0.00	0
SRR1749514	1790	0	0.00	0	0.00	0	0.00	0	0.00	0.00	0
SRR1749515	1790	0	0.00	0	0.00	0	0.00	0	0.00	0.00	0
SRR1749516	1790	0	0.00	0	0.00	0	0.00	0	0.00	0.00	0
SRR1749517	1790	0	0.00	0	0.00	0	0.00	0	0.00	0.00	0
SRR1749518	1790	0	0.00	0	0.00	0	0.00	0	0.00	0.00	0
SRR1749519	1790	0	0.00	0	0.00	0	0.00	0	0.00	0.00	0
SRR1749520	1790	0	0.00	0	0.00	0	0.00	0	0.00	0.00	0
SRR1749521	1790	0	0.00	0	0.00	0	0.00	0	0.00	0.00	0
SRR1749522	1790	0	0.00	0	0.00	0	0.00	0	0.00	0.00	0
SRR1749523	1790	0	0.00	0	0.00	0	0.00	0	0.00	0.00	0
SRR1749524	1790	0	0.00	0	0.00	0	0.00	0	0.00	0.00	0
SRR1749525	1790	0	0.00	0	0.00	0	0.00	0	0.00	0.00	0
SRR1749526	1790	0	0.00	0	0.00	0	0.00	0	0.00	0.00	0
SRR1749527	1790	0	0.00	0	0.00	0	0.00	0	0.00	0.00	0
SRR1749528	1790	0	0.00	0	0.00	0	0.00	0	0.00	0.00	0
SRR1749529	1790	0	0.00	0	0.00	0	0.00	0	0.00	0.00	0
SRR1749530	1790	0	0.00	0	0.00	0	0.00	0	0.00	0.00	0
SRR1749531	1790	0	0.00	0	0.00	0	0.00	0	0.00	0.00	0
SRR1749532	1790	0	0.00	0	0.00	0	0.00	0	0.00	0.00	0
SRR1749533	1790	0	0.00	0	0.00	0	0.00	0	0.00	0.00	0
SRR1749534	1790	0	0.00	0	0.00	0	0.00	0	0.00	0.00	0
SRR1749535	1790	0	0.00	0	0.00	0	0.00	0	0.00	0.00	0
SRR1749536	1790	0	0.00	0	0.00	0	0.00	0	0.00	0.00	0
SRR1749537	1790	0	0.00	0	0.00	0	0.00	0	0.00	0.00	0
SRR1749538	1790	0	0.00	0	0.00	0	0.00	0	0.00	0.00	0
SRR1749539	1790	0	0.00	0	0.00	0	0.00	0	0.00	0.00	0
SRR1749540	1790	0	0.00	0	0.00	0	0.00	0	0.00	0.00	0
SRR1749541	1790	0	0.00	0	0.00	0	0.00	0	0.00	0.00	0
SRR1749542	1790	0	0.00	0	0.00	0	0.00	0	0.00	0.00	0
SRR1749543	1790	0	0.00	0	0.00	0	0.00	0	0.00	0.00	0
SRR1749544	1790	0	0.00	0	0.00	0	0.00	0	0.00	0.00	0
SRR1749545	1790	0	0.00	0	0.00	0	0.00	0	0.00	0.00	0
SRR1749546	1790	0	0.00	0	0.00	0	0.00	0	0.00	0.00	0
SRR1749547	1790	0	0.00	0	0.00	0	0.00	0	0.00	0.00	0
SRR1749548	1790	0	0.00	0	0.00	0	0.00	0	0.00	0.00	0
SRR1749549	1790	7	0.00	6	0.86	1	0.00	0	0.01	0.00	9
SRR1749550	1790	0	0.00	0	0.00	0	0.00	0	0.00	0.00	0
SRR1749551	1790	0	0.00	0	0.00	0	0.00	0	0.00	0.00	0
SRR1749552	1790	0	0.00	0	0.00	0	0.00	0	0.00	0.00	0
SRR1749553	1790	0	0.00	0	0.00	0	0.00	0	0.00	0.00	0
SRR1749554	1790	0	0.00	0	0.00	0	0.00	0	0.00	0.00	0
SRR1749555	1790	0	0.00	0	0.00	0	0.00	0	0.00	0.00	0
SRR1749556	1790	0	0.00	0	0.00	0	0.00	0	0.00	0.00	0
SRR1749557	1790	0	0.00	0	0.00	0	0.00	0	0.00	0.00	0
SRR1749558	1790	0	0.00	0	0.00	0	0.00	0	0.00	0.00	0
SRR1749559	1790	0	0.00	0	0.00	0	0.00	0	0.00	0.00	0
SRR1749560	1790	5	0.00	1	0.20	4	0.00	0	0.01	0.00	5
SRR1749561	1790	0	0.00	0	0.00	0	0.00	0	0.00	0.00	0
SRR1749562	1790	0	0.00	0	0.00	0	0.00	0	0.00	0.00	0
SRR1749563	1790	0	0.00	0	0.00	0	0.00	0	0.00	0.00	0
SRR1749564	1790	0	0.00	0	0.00	0	0.00	0	0.00	0.00	0
SRR1749565	1790	0	0.00	0	0.00	0	0.00	0	0.00	0.00	0
SRR1749566	1790	0	0.00	0	0.00	0	0.00	0	0.00	0.00	0
SRR1749567	1790	0	0.00	0	0.00	0	0.00	0	0.00	0.00	0
SRR1749568	1790	0	0.00	0	0.00	0	0.00	0	0.00	0.00	0
SRR1749569	1790	0	0.00	0	0.00	0	0.00	0	0.00	0.00	0
SRR1749570	1790	0	0.00	0	0.00	0	0.00	0	0.00	0.00	0
SRR1749571	1790	0	0.00	0	0.00	0	0.00	0	0.00	0.00	0
SRR1749572	1790	0	0.00	0	0.00	0	0.00	0	0.00	0.00	0
SRR1749573	1790	0	0.00	0	0.00	0	0.00	0	0.00	0.00	0
SRR1749574	1790	0	0.00	0	0.00	0	0.00	0	0.00	0.00	0
SRR1749575	1790	0	0.00	0	0.00	0	0.00	0	0.00	0.00	0
SRR1749576	1790	0	0.00	0	0.00	0	0.00	0	0.00	0.00	0
SRR1749577	1790	0	0.00	0	0.00	0	0.00	0	0.00	0.00	0
SRR1749578	1790	0	0.00	0	0.00	0	0.00	0	0.00	0.00	0
SRR1749579	1790	0	0.00	0	0.00	0	0.00	0	0.00	0.00	0
SRR1749580	1790	0	0.00	0	0.00	0	0.00	0	0.00	0.00	0
SRR1749581	1790	0	0.00	0	0.00	0	0.00	0	0.00	0.00	0
SRR1749582	1790	0	0.00	0	0.00	0	0.00	0	0.00	0.00	0
SRR1749583	1790	0	0.00	0	0.00	0	0.00	0	0.00	0.00	0
SRR1749584	1790	1	0.00	1	1.00	0	0.00	0	0.00	0.00	1
SRR1749585	1790	0	0.00	0	0.00	0	0.00	0	0.00	0.00	0
SRR1749586	1790	12	0.01	4	0.33	8	0.00	0	0.03	0.00	11
SRR1749587	1790	0	0.00	0	0.00	0	0.00	0	0.00	0.00	0
SRR1749588	1790	2	0.00	1	0.50	1	0.00	0	0.00	0.00	4
SRR1749589	1790	0	0.00	0	0.00	0	0.00	0	0.00	0.00	0
SRR1749590	1790	0	0.00	0	0.00	0	0.00	0	0.00	0.00	0
SRR1749591	1790	0	0.00	0	0.00	0	0.00	0	0.00	0.00	0
SRR1749592	1790	0	0.00	0	0.00	0	0.00	0	0.00	0.00	0
SRR1749593	1790	0	0.00	0	0.00	0	0.00	0	0.00	0.00	0
SRR1749594	1790	0	0.00	0	0.00	0	0.00	0	0.00	0.00	0
SRR1749595	1790	0	0.00	0	0.00	0	0.00	0	0.00	0.00	0
SRR1749596	1790	0	0.00	0	0.00	0	0.00	0	0.00	0.00	0
SRR1749597	1790	0	0.00	0	0.00	0	0.00	0	0.00	0.00	0
SRR1749598	1790	0	0.00	0	0.00	0	0.00	0	0.00	0.00	0
SRR1749599	1790	0	0.00	0	0.00	0	0.00	0	0.00	0.00	0
SRR1749600	1790	0	0.00	0	0.00	0	0.00	0	0.00	0.00	0
SRR1749601	1790	0	0.00	0	0.00	0	0.00	0	0.00	0.00	0
SRR1749602	1790	0	0.00	0	0.00	0	0.00	0	0.00	0.00	0
SRR1749603	1790	0	0.00	0	0.00	0	0.00	0	0.00	0.00	0
SRR1749604	1790	0	0.00	0	0.00	0	0.00	0	0.00	0.00	0
SRR1749605	1790	0	0.00	0	0.00	0	0.00	0	0.00	0.00	0
SRR1749606	1790	0	0.00	0	0.00	0	0.00	0	0.00	0.00	0
SRR1749607	1790	0	0.00	0	0.00	0	0.00	0	0.00	0.00	0
SRR1749608	1790	0	0.00	0	0.00	0	0.00	0	0.00	0.00	0
SRR1749609	1790	0	0.00	0	0.00	0	0.00	0	0.00	0.00	0
SRR1749610	1790	0	0.00	0	0.00	0	0.00	0	0.00	0.00	0
SRR1749611	1790	1	0.00	1	1.00	0	0.00	0	0.00	0.00	1
SRR1749612	1790	0	0.00	0	0.00	0	0.00	0	0.00	0.00	0
SRR1749613	1790	0	0.00	0	0.00	0	0.00	0	0.00	0.00	0
SRR1749614	1790	0	0.00	0	0.00	0	0.00	0	0.00	0.00	0
SRR1749615	1790	0	0.00	0	0.00	0	0.00	0	0.00	0.00	0
SRR1749616	1790	0	0.00	0	0.00	0	0.00	0	0.00	0.00	0
SRR1749617	1790	0	0.00	0	0.00	0	0.00	0	0.00	0.00	0
SRR1749618	1790	0	0.00	0	0.00	0	0.00	0	0.00	0.00	0
SRR1749619	1790	0	0.00	0	0.00	0	0.00	0	0.00	0.00	0
SRR1749620	1790	0	0.00	0	0.00	0	0.00	0	0.00	0.00	0
SRR1749621	1790	0	0.00	0	0.00	0	0.00	0	0.00	0.00	0
SRR1749622	1790	0	0.00	0	0.00	0	0.00	0	0.00	0.00	0
SRR1749623	1790	0	0.00	0	0.00	0	0.00	0	0.00	0.00	0
SRR1749624	1790	0	0.00	0	0.00	0	0.00	0	0.00	0.00	0
SRR1749625	1790	0	0.00	0	0.00	0	0.00	0	0.00	0.00	0
SRR1749626	1790	0	0.00	0	0.00	0	0.00	0	0.00	0.00	0
SRR1749627	1790	0	0.00	0	0.00	0	0.00	0	0.00	0.00	0
SRR1749628	1790	0	0.00	0	0.00	0	0.00	0	0.00	0.00	0
SRR1749629	1790	0	0.00	0	0.00	0	0.00	0	0.00	0.00	0
SRR1749630	1790	0	0.00	0	0.00	0	0.00	0	0.00	0.00	0
SRR1749631	1790	0	0.00	0	0.00	0	0.00	0	0.00	0.00	0
SRR1749632	1790	0	0.00	0	0.00	0	0.00	0	0.00	0.00	0
SRR1749633	1790	0	0.00	0	0.00	0	0.00	0	0.00	0.00	0
SRR1749634	1790	0	0.00	0	0.00	0	0.00	0	0.00	0.00	0
SRR1749635	1790	0	0.00	0	0.00	0	0.00	0	0.00	0.00	0
SRR1749636	1790	0	0.00	0	0.00	0	0.00	0	0.00	0.00	0
SRR1749637	1790	0	0.00	0	0.00	0	0.00	0	0.00	0.00	0
SRR1749638	1790	0	0.00	0	0.00	0	0.00	0	0.00	0.00	0
SRR1749639	1790	0	0.00	0	0.00	0	0.00	0	0.00	0.00	0
SRR1749640	1790	0	0.00	0	0.00	0	0.00	0	0.00	0.00	0
SRR1749641	1790	0	0.00	0	0.00	0	0.00	0	0.00	0.00	0
SRR1749642	1790	0	0.00	0	0.00	0	0.00	0	0.00	0.00	0
SRR1749643	1790	0	0.00	0	0.00	0	0.00	0	0.00	0.00	0
SRR1749644	1790	0	0.00	0	0.00	0	0.00	0	0.00	0.00	0
SRR1749645	1790	0	0.00	0	0.00	0	0.00	0	0.00	0.00	0
SRR1749646	1790	0	0.00	0	0.00	0	0.00	0	0.00	0.00	0
SRR1749647	1790	0	0.00	0	0.00	0	0.00	0	0.00	0.00	0
SRR1749648	1790	0	0.00	0	0.00	0	0.00	0	0.00	0.00	0
SRR1749649	1790	0	0.00	0	0.00	0	0.00	0	0.00	0.00	0
SRR1749650	1790	0	0.00	0	0.00	0	0.00	0	0.00	0.00	0
SRR1749651	1790	0	0.00	0	0.00	0	0.00	0	0.00	0.00	0
SRR1749652	1790	0	0.00	0	0.00	0	0.00	0	0.00	0.00	0
SRR1749653	1790	0	0.00	0	0.00	0	0.00	0	0.00	0.00	0
SRR1749654	1790	0	0.00	0	0.00	0	0.00	0	0.00	0.00	0
SRR1749655	1790	0	0.00	0	0.00	0	0.00	0	0.00	0.00	0
SRR1749656	1790	0	0.00	0	0.00	0	0.00	0	0.00	0.00	0
SRR1749657	1790	0	0.00	0	0.00	0	0.00	0	0.00	0.00	0
SRR1749658	1790	0	0.00	0	0.00	0	0.00	0	0.00	0.00	0
SRR1749659	1790	0	0.00	0	0.00	0	0.00	0	0.00	0.00	0
SRR1749660	1790	0	0.00	0	0.00	0	0.00	0	0.00	0.00	0
SRR1749661	1790	0	0.00	0	0.00	0	0.00	0	0.00	0.00	0
SRR1749662	1790	0	0.00	0	0.00	0	0.00	0	0.00	0.00	0
SRR1749663	1790	0	0.00	0	0.00	0	0.00	0	0.00	0.00	0
SRR1749664	1790	0	0.00	0	0.00	0	0.00	0	0.00	0.00	0
SRR1749665	1790	0	0.00	0	0.00	0	0.00	0	0.00	0.00	0
SRR1749666	1790	0	0.00	0	0.00	0	0.00	0	0.00	0.00	0
SRR1749667	1790	0	0.00	0	0.00	0	0.00	0	0.00	0.00	0
SRR1749668	1790	0	0.00	0	0.00	0	0.00	0	0.00	0.00	0
SRR1749669	1790	0	0.00	0	0.00	0	0.00	0	0.00	0.00	0
SRR1749670	1790	0	0.00	0	0.00	0	0.00	0	0.00	0.00	0
SRR1749671	1790	0	0.00	0	0.00	0	0.00	0	0.00	0.00	0
SRR1749672	1790	0	0.00	0	0.00	0	0.00	0	0.00	0.00	0
SRR1749673	1790	0	0.00	0	0.00	0	0.00	0	0.00	0.00	0
SRR1749674	1790	0	0.00	0	0.00	0	0.00	0	0.00	0.00	0
SRR1749675	1790	0	0.00	0	0.00	0	0.00	0	0.00	0.00	0
SRR1749676	1790	0	0.00	0	0.00	0	0.00	0	0.00	0.00	0
SRR1749677	1790	0	0.00	0	0.00	0	0.00	0	0.00	0.00	0
SRR1749678	1790	0	0.00	0	0.00	0	0.00	0	0.00	0.00	0
SRR1749679	1790	0	0.00	0	0.00	0	0.00	0	0.00	0.00	0
SRR1749680	1790	0	0.00	0	0.00	0	0.00	0	0.00	0.00	0
SRR1749681	1790	0	0.00	0	0.00	0	0.00	0	0.00	0.00	0
SRR1749682	1790	0	0.00	0	0.00	0	0.00	0	0.00	0.00	0
SRR1749683	1790	0	0.00	0	0.00	0	0.00	0	0.00	0.00	0
SRR1749684	1790	0	0.00	0	0.00	0	0.00	0	0.00	0.00	0
SRR1749685	1790	0	0.00	0	0.00	0	0.00	0	0.00	0.00	0
SRR1749686	1790	0	0.00	0	0.00	0	0.00	0	0.00	0.00	0
SRR1749687	1790	0	0.00	0	0.00	0	0.00	0	0.00	0.00	0
SRR1749688	1790	1	0.00	1	1.00	0	0.00	0	0.00	0.00	1
SRR1749689	1790	0	0.00	0	0.00	0	0.00	0	0.00	0.00	0
SRR1749690	1790	0	0.00	0	0.00	0	0.00	0	0.00	0.00	0
SRR1749691	1790	0	0.00	0	0.00	0	0.00	0	0.00	0.00	0
SRR1749692	1790	0	0.00	0	0.00	0	0.00	0	0.00	0.00	0
SRR1749693	1790	0	0.00	0	0.00	0	0.00	0	0.00	0.00	0
SRR1749694	1790	0	0.00	0	0.00	0	0.00	0	0.00	0.00	0
SRR1749695	1790	0	0.00	0	0.00	0	0.00	0	0.00	0.00	0
SRR1749696	1790	0	0.00	0	0.00	0	0.00	0	0.00	0.00	0
SRR1749697	1790	0	0.00	0	0.00	0	0.00	0	0.00	0.00	0
SRR1749698	1790	0	0.00	0	0.00	0	0.00	0	0.00	0.00	0
SRR1749699	1790	0	0.00	0	0.00	0	0.00	0	0.00	0.00	0
SRR1749700	1790	0	0.00	0	0.00	0	0.00	0	0.00	0.00	0
SRR1749701	1790	0	0.00	0	0.00	0	0.00	0	0.00	0.00	0
SRR1749702	1790	0	0.00	0	0.00	0	0.00	0	0.00	0.00	0
SRR1749703	1790	0	0.00	0	0.00	0	0.00	0	0.00	0.00	0
SRR1749704	1790	0	0.00	0	0.00	0	0.00	0	0.00	0.00	0
SRR1749705	1790	0	0.00	0	0.00	0	0.00	0	0.00	0.00	0
SRR1749706	1790	0	0.00	0	0.00	0	0.00	0	0.00	0.00	0
SRR1749707	1790	0	0.00	0	0.00	0	0.00	0	0.00	0.00	0
SRR1749708	1790	0	0.00	0	0.00	0	0.00	0	0.00	0.00	0
SRR1749709	1790	0	0.00	0	0.00	0	0.00	0	0.00	0.00	0
SRR1749710	1790	0	0.00	0	0.00	0	0.00	0	0.00	0.00	0
SRR1749711	1790	0	0.00	0	0.00	0	0.00	0	0.00	0.00	0
SRR1749712	1790	0	0.00	0	0.00	0	0.00	0	0.00	0.00	0
SRR1749713	1790	0	0.00	0	0.00	0	0.00	0	0.00	0.00	0
SRR1749714	1790	0	0.00	0	0.00	0	0.00	0	0.00	0.00	0
SRR1749715	1790	0	0.00	0	0.00	0	0.00	0	0.00	0.00	0
SRR1749716	1790	0	0.00	0	0.00	0	0.00	0	0.00	0.00	0
SRR1749717	1790	0	0.00	0	0.00	0	0.00	0	0.00	0.00	0
SRR1749718	1790	0	0.00	0	0.00	0	0.00	0	0.00	0.00	0
SRR1749719	1790	0	0.00	0	0.00	0	0.00	0	0.00	0.00	0
SRR1749720	1790	0	0.00	0	0.00	0	0.00	0	0.00	0.00	0
SRR1749721	1790	0	0.00	0	0.00	0	0.00	0	0.00	0.00	0
SRR1749722	1790	0	0.00	0	0.00	0	0.00	0	0.00	0.00	0
SRR1749723	1790	0	0.00	0	0.00	0	0.00	0	0.00	0.00	0
SRR1749724	1790	0	0.00	0	0.00	0	0.00	0	0.00	0.00	0
SRR1749725	1790	0	0.00	0	0.00	0	0.00	0	0.00	0.00	0
SRR1749726	1790	0	0.00	0	0.00	0	0.00	0	0.00	0.00	0
SRR1749727	1790	0	0.00	0	0.00	0	0.00	0	0.00	0.00	0
SRR1749728	1790	0	0.00	0	0.00	0	0.00	0	0.00	0.00	0
SRR1749729	1790	0	0.00	0	0.00	0	0.00	0	0.00	0.00	0
SRR1749730	1790	0	0.00	0	0.00	0	0.00	0	0.00	0.00	0
SRR1749731	1790	0	0.00	0	0.00	0	0.00	0	0.00	0.00	0
SRR1749732	1790	0	0.00	0	0.00	0	0.00	0	0.00	0.00	0
SRR1749733	1790	0	0.00	0	0.00	0	0.00	0	0.00	0.00	0
SRR1749734	1790	0	0.00	0	0.00	0	0.00	0	0.00	0.00	0
SRR1749735	1790	0	0.00	0	0.00	0	0.00	0	0.00	0.00	0
SRR1749736	1790	0	0.00	0	0.00	0	0.00	0	0.00	0.00	0
SRR1749737	1790	0	0.00	0	0.00	0	0.00	0	0.00	0.00	0
SRR1749738	1790	0	0.00	0	0.00	0	0.00	0	0.00	0.00	0
SRR1749739	1790	0	0.00	0	0.00	0	0.00	0	0.00	0.00	0
SRR1749740	1790	0	0.00	0	0.00	0	0.00	0	0.00	0.00	0
SRR1749741	1790	0	0.00	0	0.00	0	0.00	0	0.00	0.00	0
SRR1749742	1790	0	0.00	0	0.00	0	0.00	0	0.00	0.00	0
SRR1749743	1790	0	0.00	0	0.00	0	0.00	0	0.00	0.00	0
SRR1749744	1790	0	0.00	0	0.00	0	0.00	0	0.00	0.00	0
SRR1749745	1790	0	0.00	0	0.00	0	0.00	0	0.00	0.00	0
SRR1749746	1790	0	0.00	0	0.00	0	0.00	0	0.00	0.00	0
SRR1749747	1790	0	0.00	0	0.00	0	0.00	0	0.00	0.00	0
SRR1749748	1790	0	0.00	0	0.00	0	0.00	0	0.00	0.00	0
SRR1749749	1790	0	0.00	0	0.00	0	0.00	0	0.00	0.00	0
SRR1749750	1790	0	0.00	0	0.00	0	0.00	0	0.00	0.00	0
SRR1749751	1790	0	0.00	0	0.00	0	0.00	0	0.00	0.00	0
SRR1749752	1790	0	0.00	0	0.00	0	0.00	0	0.00	0.00	0
SRR1749753	1790	0	0.00	0	0.00	0	0.00	0	0.00	0.00	0
SRR1749754	1790	0	0.00	0	0.00	0	0.00	0	0.00	0.00	0
SRR1749755	1790	0	0.00	0	0.00	0	0.00	0	0.00	0.00	0
SRR1749756	1790	1	0.00	0	0.00	1	0.00	0	0.00	0.00	3
SRR1749757	1790	6	0.00	4	0.67	2	0.00	0	0.02	0.00	24
SRR1749758	1790	0	0.00	0	0.00	0	0.00	0	0.00	0.00	0
SRR1749759	1790	0	0.00	0	0.00	0	0.00	0	0.00	0.00	0
SRR1749760	1790	0	0.00	0	0.00	0	0.00	0	0.00	0.00	0
SRR1749761	1790	0	0.00	0	0.00	0	0.00	0	0.00	0.00	0
SRR1749762	1790	0	0.00	0	0.00	0	0.00	0	0.00	0.00	0
SRR1749763	1790	0	0.00	0	0.00	0	0.00	0	0.00	0.00	0
SRR1749764	1790	0	0.00	0	0.00	0	0.00	0	0.00	0.00	0
SRR1749765	1790	0	0.00	0	0.00	0	0.00	0	0.00	0.00	0
SRR1749766	1790	0	0.00	0	0.00	0	0.00	0	0.00	0.00	0
SRR1749767	1790	0	0.00	0	0.00	0	0.00	0	0.00	0.00	0
SRR1749768	1790	0	0.00	0	0.00	0	0.00	0	0.00	0.00	0
SRR1749769	1790	0	0.00	0	0.00	0	0.00	0	0.00	0.00	0
SRR1749770	1790	0	0.00	0	0.00	0	0.00	0	0.00	0.00	0
SRR1749771	1790	0	0.00	0	0.00	0	0.00	0	0.00	0.00	0
SRR1749772	1790	0	0.00	0	0.00	0	0.00	0	0.00	0.00	0
SRR1749773	1790	0	0.00	0	0.00	0	0.00	0	0.00	0.00	0
SRR1749774	1790	0	0.00	0	0.00	0	0.00	0	0.00	0.00	0
SRR1749775	1790	0	0.00	0	0.00	0	0.00	0	0.00	0.00	0
SRR1749776	1790	0	0.00	0	0.00	0	0.00	0	0.00	0.00	0
SRR1749777	1790	0	0.00	0	0.00	0	0.00	0	0.00	0.00	0
SRR1749778	1790	0	0.00	0	0.00	0	0.00	0	0.00	0.00	0
SRR1749779	1790	0	0.00	0	0.00	0	0.00	0	0.00	0.00	0
SRR1749780	1790	0	0.00	0	0.00	0	0.00	0	0.00	0.00	0
SRR1749781	1790	0	0.00	0	0.00	0	0.00	0	0.00	0.00	0
SRR1749782	1790	0	0.00	0	0.00	0	0.00	0	0.00	0.00	0
SRR1749783	1790	0	0.00	0	0.00	0	0.00	0	0.00	0.00	0
SRR1749784	1790	0	0.00	0	0.00	0	0.00	0	0.00	0.00	0
SRR1749785	1790	0	0.00	0	0.00	0	0.00	0	0.00	0.00	0
SRR1749786	1790	0	0.00	0	0.00	0	0.00	0	0.00	0.00	0
SRR1749787	1790	0	0.00	0	0.00	0	0.00	0	0.00	0.00	0
SRR1749788	1790	0	0.00	0	0.00	0	0.00	0	0.00	0.00	0
SRR1749789	1790	0	0.00	0	0.00	0	0.00	0	0.00	0.00	0
SRR1749790	1790	0	0.00	0	0.00	0	0.00	0	0.00	0.00	0
SRR1749791	1790	0	0.00	0	0.00	0	0.00	0	0.00	0.00	0
SRR1749792	1790	0	0.00	0	0.00	0	0.00	0	0.00	0.00	0
SRR1749793	1790	0	0.00	0	0.00	0	0.00	0	0.00	0.00	0
SRR1749794	1790	0	0.00	0	0.00	0	0.00	0	0.00	0.00	0
SRR1749795	1790	0	0.00	0	0.00	0	0.00	0	0.00	0.00	0
SRR1749796	1790	0	0.00	0	0.00	0	0.00	0	0.00	0.00	0
SRR1749797	1790	0	0.00	0	0.00	0	0.00	0	0.00	0.00	0
SRR1749798	1790	0	0.00	0	0.00	0	0.00	0	0.00	0.00	0
SRR1749799	1790	0	0.00	0	0.00	0	0.00	0	0.00	0.00	0
SRR1749800	1790	0	0.00	0	0.00	0	0.00	0	0.00	0.00	0
SRR1749801	1790	0	0.00	0	0.00	0	0.00	0	0.00	0.00	0
SRR1749802	1790	0	0.00	0	0.00	0	0.00	0	0.00	0.00	0
SRR1749803	1790	0	0.00	0	0.00	0	0.00	0	0.00	0.00	0
SRR1749804	1790	0	0.00	0	0.00	0	0.00	0	0.00	0.00	0
SRR1749805	1790	0	0.00	0	0.00	0	0.00	0	0.00	0.00	0
SRR1749806	1790	0	0.00	0	0.00	0	0.00	0	0.00	0.00	0
SRR1749807	1790	0	0.00	0	0.00	0	0.00	0	0.00	0.00	0
SRR1749808	1790	0	0.00	0	0.00	0	0.00	0	0.00	0.00	0
SRR1749809	1790	0	0.00	0	0.00	0	0.00	0	0.00	0.00	0
SRR1749810	1790	0	0.00	0	0.00	0	0.00	0	0.00	0.00	0
SRR1749811	1790	0	0.00	0	0.00	0	0.00	0	0.00	0.00	0
SRR1749812	1790	0	0.00	0	0.00	0	0.00	0	0.00	0.00	0
SRR1749813	1790	0	0.00	0	0.00	0	0.00	0	0.00	0.00	0
SRR1749814	1790	0	0.00	0	0.00	0	0.00	0	0.00	0.00	0
SRR1749815	1790	0	0.00	0	0.00	0	0.00	0	0.00	0.00	0
SRR1749816	1790	0	0.00	0	0.00	0	0.00	0	0.00	0.00	0
SRR1749817	1790	0	0.00	0	0.00	0	0.00	0	0.00	0.00	0
SRR1749818	1790	0	0.00	0	0.00	0	0.00	0	0.00	0.00	0
SRR1749819	1790	0	0.00	0	0.00	0	0.00	0	0.00	0.00	0
SRR1749820	1790	0	0.00	0	0.00	0	0.00	0	0.00	0.00	0
SRR1749821	1790	0	0.00	0	0.00	0	0.00	0	0.00	0.00	0
SRR1749822	1790	0	0.00	0	0.00	0	0.00	0	0.00	0.00	0
SRR1749823	1790	0	0.00	0	0.00	0	0.00	0	0.00	0.00	0
SRR1749824	1790	0	0.00	0	0.00	0	0.00	0	0.00	0.00	0
SRR1749825	1790	0	0.00	0	0.00	0	0.00	0	0.00	0.00	0
SRR1749826	1790	0	0.00	0	0.00	0	0.00	0	0.00	0.00	0
SRR1749827	1790	0	0.00	0	0.00	0	0.00	0	0.00	0.00	0
SRR1749828	1790	0	0.00	0	0.00	0	0.00	0	0.00	0.00	0
SRR1749829	1790	0	0.00	0	0.00	0	0.00	0	0.00	0.00	0
SRR1749830	1790	0	0.00	0	0.00	0	0.00	0	0.00	0.00	0
SRR1749831	1790	0	0.00	0	0.00	0	0.00	0	0.00	0.00	0
SRR1749832	1790	0	0.00	0	0.00	0	0.00	0	0.00	0.00	0
SRR1749833	1790	0	0.00	0	0.00	0	0.00	0	0.00	0.00	0
SRR1749834	1790	0	0.00	0	0.00	0	0.00	0	0.00	0.00	0
SRR1749835	1790	0	0.00	0	0.00	0	0.00	0	0.00	0.00	0
SRR1749836	1790	0	0.00	0	0.00	0	0.00	0	0.00	0.00	0
SRR1749837	1790	0	0.00	0	0.00	0	0.00	0	0.00	0.00	0
SRR1749838	1790	0	0.00	0	0.00	0	0.00	0	0.00	0.00	0
SRR1749839	1790	0	0.00	0	0.00	0	0.00	0	0.00	0.00	0
SRR1749840	1790	0	0.00	0	0.00	0	0.00	0	0.00	0.00	0
SRR1749841	1790	0	0.00	0	0.00	0	0.00	0	0.00	0.00	0
SRR1749842	1790	0	0.00	0	0.00	0	0.00	0	0.00	0.00	0
SRR1749843	1790	0	0.00	0	0.00	0	0.00	0	0.00	0.00	0
SRR1749844	1790	0	0.00	0	0.00	0	0.00	0	0.00	0.00	0
SRR1749845	1790	0	0.00	0	0.00	0	0.00	0	0.00	0.00	0
SRR1749846	1790	0	0.00	0	0.00	0	0.00	0	0.00	0.00	0
SRR1749847	1790	0	0.00	0	0.00	0	0.00	0	0.00	0.00	0
SRR1749848	1790	0	0.00	0	0.00	0	0.00	0	0.00	0.00	0
SRR1749849	1790	0	0.00	0	0.00	0	0.00	0	0.00	0.00	0
SRR1749850	1790	0	0.00	0	0.00	0	0.00	0	0.00	0.00	0
SRR1749851	1790	0	0.00	0	0.00	0	0.00	0	0.00	0.00	0
SRR1749852	1790	0	0.00	0	0.00	0	0.00	0	0.00	0.00	0
SRR1749853	1790	0	0.00	0	0.00	0	0.00	0	0.00	0.00	0
SRR1749854	1790	0	0.00	0	0.00	0	0.00	0	0.00	0.00	0
SRR1749855	1790	0	0.00	0	0.00	0	0.00	0	0.00	0.00	0
SRR1749856	1790	0	0.00	0	0.00	0	0.00	0	0.00	0.00	0
SRR1749857	1790	0	0.00	0	0.00	0	0.00	0	0.00	0.00	0
SRR1749858	1790	0	0.00	0	0.00	0	0.00	0	0.00	0.00	0
SRR1749859	1790	0	0.00	0	0.00	0	0.00	0	0.00	0.00	0
SRR1749860	1790	0	0.00	0	0.00	0	0.00	0	0.00	0.00	0
SRR1749861	1790	0	0.00	0	0.00	0	0.00	0	0.00	0.00	0
SRR1749862	1790	0	0.00	0	0.00	0	0.00	0	0.00	0.00	0
SRR1749863	1790	0	0.00	0	0.00	0	0.00	0	0.00	0.00	0
SRR1749864	1790	0	0.00	0	0.00	0	0.00	0	0.00	0.00	0
SRR1749865	1790	0	0.00	0	0.00	0	0.00	0	0.00	0.00	0
SRR1749866	1790	0	0.00	0	0.00	0	0.00	0	0.00	0.00	0
SRR1749867	1790	0	0.00	0	0.00	0	0.00	0	0.00	0.00	0
SRR1749868	1790	0	0.00	0	0.00	0	0.00	0	0.00	0.00	0
SRR1749869	1790	0	0.00	0	0.00	0	0.00	0	0.00	0.00	0
SRR1749870	1790	0	0.00	0	0.00	0	0.00	0	0.00	0.00	0
SRR1749871	1790	0	0.00	0	0.00	0	0.00	0	0.00	0.00	0
SRR1749872	1790	0	0.00	0	0.00	0	0.00	0	0.00	0.00	0
SRR1749873	1790	0	0.00	0	0.00	0	0.00	0	0.00	0.00	0
SRR1749874	1790	0	0.00	0	0.00	0	0.00	0	0.00	0.00	0
SRR1749875	1790	0	0.00	0	0.00	0	0.00	0	0.00	0.00	0
SRR1749876	1790	0	0.00	0	0.00	0	0.00	0	0.00	0.00	0
SRR1749877	1790	0	0.00	0	0.00	0	0.00	0	0.00	0.00	0
SRR1749878	1790	0	0.00	0	0.00	0	0.00	0	0.00	0.00	0
SRR1749879	1790	0	0.00	0	0.00	0	0.00	0	0.00	0.00	0
SRR1749880	1790	0	0.00	0	0.00	0	0.00	0	0.00	0.00	0
SRR1749881	1790	0	0.00	0	0.00	0	0.00	0	0.00	0.00	0
SRR1749882	1790	0	0.00	0	0.00	0	0.00	0	0.00	0.00	0
SRR1749883	1790	0	0.00	0	0.00	0	0.00	0	0.00	0.00	0
SRR1749884	1790	0	0.00	0	0.00	0	0.00	0	0.00	0.00	0
SRR1749885	1790	0	0.00	0	0.00	0	0.00	0	0.00	0.00	0
SRR1749886	1790	0	0.00	0	0.00	0	0.00	0	0.00	0.00	0
SRR1749887	1790	0	0.00	0	0.00	0	0.00	0	0.00	0.00	0
SRR1749888	1790	0	0.00	0	0.00	0	0.00	0	0.00	0.00	0
SRR1749889	1790	0	0.00	0	0.00	0	0.00	0	0.00	0.00	0
SRR1749890	1790	0	0.00	0	0.00	0	0.00	0	0.00	0.00	0
SRR1749891	1790	0	0.00	0	0.00	0	0.00	0	0.00	0.00	0
SRR1749892	1790	0	0.00	0	0.00	0	0.00	0	0.00	0.00	0
SRR1749893	1790	0	0.00	0	0.00	0	0.00	0	0.00	0.00	0
SRR1749894	1790	0	0.00	0	0.00	0	0.00	0	0.00	0.00	0
SRR1749895	1790	0	0.00	0	0.00	0	0.00	0	0.00	0.00	0
SRR1749896	1790	0	0.00	0	0.00	0	0.00	0	0.00	0.00	0
SRR1749897	1790	0	0.00	0	0.00	0	0.00	0	0.00	0.00	0
SRR1749898	1790	0	0.00	0	0.00	0	0.00	0	0.00	0.00	0
SRR1749899	1790	0	0.00	0	0.00	0	0.00	0	0.00	0.00	0
SRR1749900	1790	0	0.00	0	0.00	0	0.00	0	0.00	0.00	0
SRR1749901	1790	0	0.00	0	0.00	0	0.00	0	0.00	0.00	0
SRR1749902	1790	0	0.00	0	0.00	0	0.00	0	0.00	0.00	0
SRR1749903	1790	0	0.00	0	0.00	0	0.00	0	0.00	0.00	0
SRR1749904	1790	0	0.00	0	0.00	0	0.00	0	0.00	0.00	0
SRR1749905	1790	0	0.00	0	0.00	0	0.00	0	0.00	0.00	0
SRR1749906	1790	0	0.00	0	0.00	0	0.00	0	0.00	0.00	0
SRR1749907	1790	0	0.00	0	0.00	0	0.00	0	0.00	0.00	0
SRR1749908	1790	0	0.00	0	0.00	0	0.00	0	0.00	0.00	0
SRR1749909	1790	0	0.00	0	0.00	0	0.00	0	0.00	0.00	0
SRR1749910	1790	0	0.00	0	0.00	0	0.00	0	0.00	0.00	0
SRR1749911	1790	0	0.00	0	0.00	0	0.00	0	0.00	0.00	0
SRR1749912	1790	0	0.00	0	0.00	0	0.00	0	0.00	0.00	0
SRR1749913	1790	0	0.00	0	0.00	0	0.00	0	0.00	0.00	0
SRR1749914	1790	0	0.00	0	0.00	0	0.00	0	0.00	0.00	0
SRR1749915	1790	0	0.00	0	0.00	0	0.00	0	0.00	0.00	0
SRR1749916	1790	0	0.00	0	0.00	0	0.00	0	0.00	0.00	0
SRR1749917	1790	0	0.00	0	0.00	0	0.00	0	0.00	0.00	0
SRR1749918	1790	0	0.00	0	0.00	0	0.00	0	0.00	0.00	0
SRR1749919	1790	0	0.00	0	0.00	0	0.00	0	0.00	0.00	0
SRR1749920	1790	0	0.00	0	0.00	0	0.00	0	0.00	0.00	0
SRR1749921	1790	0	0.00	0	0.00	0	0.00	0	0.00	0.00	0
SRR1749922	1790	0	0.00	0	0.00	0	0.00	0	0.00	0.00	0
SRR1749923	1790	0	0.00	0	0.00	0	0.00	0	0.00	0.00	0
SRR1749924	1790	0	0.00	0	0.00	0	0.00	0	0.00	0.00	0
SRR1749925	1790	0	0.00	0	0.00	0	0.00	0	0.00	0.00	0
SRR1749926	1790	0	0.00	0	0.00	0	0.00	0	0.00	0.00	0
SRR1749927	1790	0	0.00	0	0.00	0	0.00	0	0.00	0.00	0
SRR1749928	1790	0	0.00	0	0.00	0	0.00	0	0.00	0.00	0
SRR1749929	1790	0	0.00	0	0.00	0	0.00	0	0.00	0.00	0
SRR1749930	1790	0	0.00	0	0.00	0	0.00	0	0.00	0.00	0
SRR1749931	1790	0	0.00	0	0.00	0	0.00	0	0.00	0.00	0
SRR1749932	1790	0	0.00	0	0.00	0	0.00	0	0.00	0.00	0
SRR1749933	1790	0	0.00	0	0.00	0	0.00	0	0.00	0.00	0
SRR1749934	1790	0	0.00	0	0.00	0	0.00	0	0.00	0.00	0
SRR1749935	1790	0	0.00	0	0.00	0	0.00	0	0.00	0.00	0
SRR1749936	1790	0	0.00	0	0.00	0	0.00	0	0.00	0.00	0
SRR1749937	1790	0	0.00	0	0.00	0	0.00	0	0.00	0.00	0
SRR1749938	1790	1	0.00	1	1.00	0	0.00	0	0.00	0.00	1
SRR1749939	1790	0	0.00	0	0.00	0	0.00	0	0.00	0.00	0
SRR1749940	1790	0	0.00	0	0.00	0	0.00	0	0.00	0.00	0
SRR1749941	1790	0	0.00	0	0.00	0	0.00	0	0.00	0.00	0
SRR1749942	1790	0	0.00	0	0.00	0	0.00	0	0.00	0.00	0
SRR1749943	1790	0	0.00	0	0.00	0	0.00	0	0.00	0.00	0
SRR1749944	1790	0	0.00	0	0.00	0	0.00	0	0.00	0.00	0
SRR1749945	1790	0	0.00	0	0.00	0	0.00	0	0.00	0.00	0
SRR1749946	1790	0	0.00	0	0.00	0	0.00	0	0.00	0.00	0
SRR1749947	1790	0	0.00	0	0.00	0	0.00	0	0.00	0.00	0
SRR1749948	1790	0	0.00	0	0.00	0	0.00	0	0.00	0.00	0
SRR1749949	1790	0	0.00	0	0.00	0	0.00	0	0.00	0.00	0
SRR1749950	1790	0	0.00	0	0.00	0	0.00	0	0.00	0.00	0
SRR1749951	1790	0	0.00	0	0.00	0	0.00	0	0.00	0.00	0
SRR1749952	1790	0	0.00	0	0.00	0	0.00	0	0.00	0.00	0
SRR1749953	1790	0	0.00	0	0.00	0	0.00	0	0.00	0.00	0
SRR1749954	1790	0	0.00	0	0.00	0	0.00	0	0.00	0.00	0
SRR1749955	1790	0	0.00	0	0.00	0	0.00	0	0.00	0.00	0
SRR1749956	1790	0	0.00	0	0.00	0	0.00	0	0.00	0.00	0
SRR1749957	1790	0	0.00	0	0.00	0	0.00	0	0.00	0.00	0
SRR1749958	1790	0	0.00	0	0.00	0	0.00	0	0.00	0.00	0
SRR1749959	1790	0	0.00	0	0.00	0	0.00	0	0.00	0.00	0
SRR1749960	1790	0	0.00	0	0.00	0	0.00	0	0.00	0.00	0
SRR1749961	1790	0	0.00	0	0.00	0	0.00	0	0.00	0.00	0
SRR1749962	1790	0	0.00	0	0.00	0	0.00	0	0.00	0.00	0
SRR1749963	1790	0	0.00	0	0.00	0	0.00	0	0.00	0.00	0
SRR1749964	1790	0	0.00	0	0.00	0	0.00	0	0.00	0.00	0
SRR1749965	1790	0	0.00	0	0.00	0	0.00	0	0.00	0.00	0
SRR1749966	1790	0	0.00	0	0.00	0	0.00	0	0.00	0.00	0
SRR1749967	1790	0	0.00	0	0.00	0	0.00	0	0.00	0.00	0
SRR1749968	1790	0	0.00	0	0.00	0	0.00	0	0.00	0.00	0
SRR1749969	1790	0	0.00	0	0.00	0	0.00	0	0.00	0.00	0
SRR1749970	1790	0	0.00	0	0.00	0	0.00	0	0.00	0.00	0
SRR1749971	1790	0	0.00	0	0.00	0	0.00	0	0.00	0.00	0
SRR1749972	1790	0	0.00	0	0.00	0	0.00	0	0.00	0.00	0
SRR1749973	1790	0	0.00	0	0.00	0	0.00	0	0.00	0.00	0
SRR1749974	1790	0	0.00	0	0.00	0	0.00	0	0.00	0.00	0
SRR1749975	1790	0	0.00	0	0.00	0	0.00	0	0.00	0.00	0
SRR1749976	1790	0	0.00	0	0.00	0	0.00	0	0.00	0.00	0
SRR1749977	1790	0	0.00	0	0.00	0	0.00	0	0.00	0.00	0
SRR1749978	1790	0	0.00	0	0.00	0	0.00	0	0.00	0.00	0
SRR1749979	1790	0	0.00	0	0.00	0	0.00	0	0.00	0.00	0
SRR1749980	1790	0	0.00	0	0.00	0	0.00	0	0.00	0.00	0
SRR1749981	1790	3	0.00	2	0.67	1	0.00	0	0.01	0.00	7
SRR1749982	1790	0	0.00	0	0.00	0	0.00	0	0.00	0.00	0
SRR1749983	1790	0	0.00	0	0.00	0	0.00	0	0.00	0.00	0
SRR1749984	1790	0	0.00	0	0.00	0	0.00	0	0.00	0.00	0
SRR1749985	1790	0	0.00	0	0.00	0	0.00	0	0.00	0.00	0
SRR1749986	1790	0	0.00	0	0.00	0	0.00	0	0.00	0.00	0
SRR1749987	1790	0	0.00	0	0.00	0	0.00	0	0.00	0.00	0
SRR1749988	1790	0	0.00	0	0.00	0	0.00	0	0.00	0.00	0
SRR1749989	1790	0	0.00	0	0.00	0	0.00	0	0.00	0.00	0
SRR1749990	1790	0	0.00	0	0.00	0	0.00	0	0.00	0.00	0
SRR1749991	1790	0	0.00	0	0.00	0	0.00	0	0.00	0.00	0
SRR1749992	1790	1	0.00	1	1.00	0	0.00	0	0.00	0.00	1
SRR1749993	1790	0	0.00	0	0.00	0	0.00	0	0.00	0.00	0
SRR1749994	1790	0	0.00	0	0.00	0	0.00	0	0.00	0.00	0
SRR1749995	1790	0	0.00	0	0.00	0	0.00	0	0.00	0.00	0
SRR1749996	1790	0	0.00	0	0.00	0	0.00	0	0.00	0.00	0
SRR1749997	1790	0	0.00	0	0.00	0	0.00	0	0.00	0.00	0
SRR1749998	1790	0	0.00	0	0.00	0	0.00	0	0.00	0.00	0
SRR1749999	1790	0	0.00	0	0.00	0	0.00	0	0.00	0.00	0
SRR1750000	1790	0	0.00	0	0.00	0	0.00	0	0.00	0.00	0
SRR1750001	1790	0	0.00	0	0.00	0	0.00	0	0.00	0.00	0
SRR1750002	1790	0	0.00	0	0.00	0	0.00	0	0.00	0.00	0
SRR1750003	1790	0	0.00	0	0.00	0	0.00	0	0.00	0.00	0
SRR1750004	1790	0	0.00	0	0.00	0	0.00	0	0.00	0.00	0
SRR1750005	1790	0	0.00	0	0.00	0	0.00	0	0.00	0.00	0
SRR1750006	1790	0	0.00	0	0.00	0	0.00	0	0.00	0.00	0
SRR1750007	1790	0	0.00	0	0.00	0	0.00	0	0.00	0.00	0
SRR1750008	1790	0	0.00	0	0.00	0	0.00	0	0.00	0.00	0
SRR1750009	1790	0	0.00	0	0.00	0	0.00	0	0.00	0.00	0
SRR1750010	1790	0	0.00	0	0.00	0	0.00	0	0.00	0.00	0
SRR1750011	1790	0	0.00	0	0.00	0	0.00	0	0.00	0.00	0
SRR1750012	1790	0	0.00	0	0.00	0	0.00	0	0.00	0.00	0
SRR1750013	1790	0	0.00	0	0.00	0	0.00	0	0.00	0.00	0
SRR1750014	1790	0	0.00	0	0.00	0	0.00	0	0.00	0.00	0
SRR1750015	1790	0	0.00	0	0.00	0	0.00	0	0.00	0.00	0
SRR1750016	1790	0	0.00	0	0.00	0	0.00	0	0.00	0.00	0
SRR1750017	1790	0	0.00	0	0.00	0	0.00	0	0.00	0.00	0
SRR1750018	1790	0	0.00	0	0.00	0	0.00	0	0.00	0.00	0
SRR1750019	1790	0	0.00	0	0.00	0	0.00	0	0.00	0.00	0
SRR1750020	1790	0	0.00	0	0.00	0	0.00	0	0.00	0.00	0
SRR1750021	1790	0	0.00	0	0.00	0	0.00	0	0.00	0.00	0
SRR1750022	1790	0	0.00	0	0.00	0	0.00	0	0.00	0.00	0
SRR1750023	1790	0	0.00	0	0.00	0	0.00	0	0.00	0.00	0
SRR1750024	1790	0	0.00	0	0.00	0	0.00	0	0.00	0.00	0
SRR1750025	1790	0	0.00	0	0.00	0	0.00	0	0.00	0.00	0
SRR1750026	1790	0	0.00	0	0.00	0	0.00	0	0.00	0.00	0
SRR1750027	1790	0	0.00	0	0.00	0	0.00	0	0.00	0.00	0
SRR1750028	1790	0	0.00	0	0.00	0	0.00	0	0.00	0.00	0
SRR1750029	1790	0	0.00	0	0.00	0	0.00	0	0.00	0.00	0
SRR1750030	1790	0	0.00	0	0.00	0	0.00	0	0.00	0.00	0
SRR1750031	1790	0	0.00	0	0.00	0	0.00	0	0.00	0.00	0
SRR1750032	1790	0	0.00	0	0.00	0	0.00	0	0.00	0.00	0
SRR1750033	1790	0	0.00	0	0.00	0	0.00	0	0.00	0.00	0
SRR1750034	1790	0	0.00	0	0.00	0	0.00	0	0.00	0.00	0
SRR1750035	1790	0	0.00	0	0.00	0	0.00	0	0.00	0.00	0
SRR1750036	1790	0	0.00	0	0.00	0	0.00	0	0.00	0.00	0
SRR1750037	1790	0	0.00	0	0.00	0	0.00	0	0.00	0.00	0
SRR1750038	1790	0	0.00	0	0.00	0	0.00	0	0.00	0.00	0
SRR1750039	1790	0	0.00	0	0.00	0	0.00	0	0.00	0.00	0
SRR1750040	1790	0	0.00	0	0.00	0	0.00	0	0.00	0.00	0
SRR1750041	1790	0	0.00	0	0.00	0	0.00	0	0.00	0.00	0
SRR1750042	1790	0	0.00	0	0.00	0	0.00	0	0.00	0.00	0
SRR1750043	1790	0	0.00	0	0.00	0	0.00	0	0.00	0.00	0
SRR1750044	1790	0	0.00	0	0.00	0	0.00	0	0.00	0.00	0
SRR1750045	1790	0	0.00	0	0.00	0	0.00	0	0.00	0.00	0
SRR1750046	1790	0	0.00	0	0.00	0	0.00	0	0.00	0.00	0
SRR1750047	1790	0	0.00	0	0.00	0	0.00	0	0.00	0.00	0
SRR1750048	1790	0	0.00	0	0.00	0	0.00	0	0.00	0.00	0
SRR1750049	1790	0	0.00	0	0.00	0	0.00	0	0.00	0.00	0
SRR1750050	1790	0	0.00	0	0.00	0	0.00	0	0.00	0.00	0
SRR1750051	1790	0	0.00	0	0.00	0	0.00	0	0.00	0.00	0
SRR1750052	1790	0	0.00	0	0.00	0	0.00	0	0.00	0.00	0
SRR1750053	1790	0	0.00	0	0.00	0	0.00	0	0.00	0.00	0
SRR1750054	1790	0	0.00	0	0.00	0	0.00	0	0.00	0.00	0
SRR1750055	1790	0	0.00	0	0.00	0	0.00	0	0.00	0.00	0
SRR1750056	1790	0	0.00	0	0.00	0	0.00	0	0.00	0.00	0
SRR1750057	1790	0	0.00	0	0.00	0	0.00	0	0.00	0.00	0
SRR1750058	1790	0	0.00	0	0.00	0	0.00	0	0.00	0.00	0
SRR1750059	1790	0	0.00	0	0.00	0	0.00	0	0.00	0.00	0
SRR1750060	1790	0	0.00	0	0.00	0	0.00	0	0.00	0.00	0
SRR1750061	1790	0	0.00	0	0.00	0	0.00	0	0.00	0.00	0
SRR1750062	1790	0	0.00	0	0.00	0	0.00	0	0.00	0.00	0
SRR1750063	1790	0	0.00	0	0.00	0	0.00	0	0.00	0.00	0
SRR1750064	1790	0	0.00	0	0.00	0	0.00	0	0.00	0.00	0
SRR1750065	1790	0	0.00	0	0.00	0	0.00	0	0.00	0.00	0
SRR1750066	1790	0	0.00	0	0.00	0	0.00	0	0.00	0.00	0
SRR1750067	1790	0	0.00	0	0.00	0	0.00	0	0.00	0.00	0
SRR1750068	1790	0	0.00	0	0.00	0	0.00	0	0.00	0.00	0
SRR1750069	1790	0	0.00	0	0.00	0	0.00	0	0.00	0.00	0
SRR1750070	1790	0	0.00	0	0.00	0	0.00	0	0.00	0.00	0
SRR1750071	1790	0	0.00	0	0.00	0	0.00	0	0.00	0.00	0
SRR1750072	1790	0	0.00	0	0.00	0	0.00	0	0.00	0.00	0
SRR1750073	1790	0	0.00	0	0.00	0	0.00	0	0.00	0.00	0
SRR1750074	1790	1	0.00	1	1.00	0	0.00	0	0.00	0.00	1
SRR1750075	1790	0	0.00	0	0.00	0	0.00	0	0.00	0.00	0
SRR1750076	1790	0	0.00	0	0.00	0	0.00	0	0.00	0.00	0
SRR1750077	1790	0	0.00	0	0.00	0	0.00	0	0.00	0.00	0
SRR1750078	1790	0	0.00	0	0.00	0	0.00	0	0.00	0.00	0
SRR1750079	1790	0	0.00	0	0.00	0	0.00	0	0.00	0.00	0
SRR1750080	1790	1	0.00	1	1.00	0	0.00	0	0.00	0.00	1
SRR1750081	1790	3	0.00	3	1.00	0	0.00	0	0.00	0.00	1
SRR1750082	1790	0	0.00	0	0.00	0	0.00	0	0.00	0.00	0
SRR1750083	1790	0	0.00	0	0.00	0	0.00	0	0.00	0.00	0
SRR1750084	1790	0	0.00	0	0.00	0	0.00	0	0.00	0.00	0
SRR1750085	1790	0	0.00	0	0.00	0	0.00	0	0.00	0.00	0
SRR1750086	1790	0	0.00	0	0.00	0	0.00	0	0.00	0.00	0
SRR1750087	1790	0	0.00	0	0.00	0	0.00	0	0.00	0.00	0
SRR1750088	1790	0	0.00	0	0.00	0	0.00	0	0.00	0.00	0
SRR1750089	1790	0	0.00	0	0.00	0	0.00	0	0.00	0.00	0
SRR1750090	1790	0	0.00	0	0.00	0	0.00	0	0.00	0.00	0
SRR1750091	1790	0	0.00	0	0.00	0	0.00	0	0.00	0.00	0
SRR1750092	1790	0	0.00	0	0.00	0	0.00	0	0.00	0.00	0
SRR1750093	1790	0	0.00	0	0.00	0	0.00	0	0.00	0.00	0
SRR1750094	1790	0	0.00	0	0.00	0	0.00	0	0.00	0.00	0
SRR1750095	1790	0	0.00	0	0.00	0	0.00	0	0.00	0.00	0
SRR1750096	1790	0	0.00	0	0.00	0	0.00	0	0.00	0.00	0
SRR1750097	1790	0	0.00	0	0.00	0	0.00	0	0.00	0.00	0
SRR1750098	1790	0	0.00	0	0.00	0	0.00	0	0.00	0.00	0
SRR1750099	1790	0	0.00	0	0.00	0	0.00	0	0.00	0.00	0
SRR1750100	1790	0	0.00	0	0.00	0	0.00	0	0.00	0.00	0
SRR1750101	1790	0	0.00	0	0.00	0	0.00	0	0.00	0.00	0
SRR1750102	1790	0	0.00	0	0.00	0	0.00	0	0.00	0.00	0
SRR1750103	1790	0	0.00	0	0.00	0	0.00	0	0.00	0.00	0
SRR1750104	1790	0	0.00	0	0.00	0	0.00	0	0.00	0.00	0
SRR1750105	1790	0	0.00	0	0.00	0	0.00	0	0.00	0.00	0
SRR1750106	1790	0	0.00	0	0.00	0	0.00	0	0.00	0.00	0
