Sample	Total Queried Kmers	Hits	Percent	Singleton Hits	Singleton Percent	Hits (excluding singletons)	Percent(excluding singletons)	Min Count	Mean Count	Median Count	Max Count
SRR1748535	14954	24	0.00	12	0.50	12	0.00	0	0.00	0.00	4
SRR1748536	14954	226	0.02	195	0.86	31	0.00	0	0.03	0.00	23
SRR1748537	14954	2	0.00	0	0.00	2	0.00	0	0.00	0.00	2
SRR1748538	14954	19	0.00	9	0.47	10	0.00	0	0.00	0.00	3
SRR1748539	14954	63	0.00	12	0.19	51	0.00	0	0.01	0.00	6
SRR1748540	14954	579	0.04	364	0.63	215	0.01	0	0.06	0.00	13
SRR1748541	14954	3	0.00	0	0.00	3	0.00	0	0.00	0.00	2
SRR1748542	14954	661	0.04	533	0.81	128	0.01	0	0.05	0.00	2
SRR1748543	14954	182	0.01	30	0.16	152	0.01	0	0.03	0.00	10
SRR1748544	14954	2484	0.17	1838	0.74	646	0.04	0	0.25	0.00	31
SRR1748545	14954	28	0.00	4	0.14	24	0.00	0	0.00	0.00	2
SRR1748546	14954	846	0.06	623	0.74	223	0.01	0	0.07	0.00	3
SRR1748547	14954	119	0.01	17	0.14	102	0.01	0	0.01	0.00	2
SRR1748548	14954	631	0.04	468	0.74	163	0.01	0	0.05	0.00	4
SRR1748549	14954	629	0.04	52	0.08	577	0.04	0	0.08	0.00	2
SRR1748550	14954	5897	0.39	3009	0.51	2888	0.19	0	0.68	0.00	14
SRR1748551	14954	41	0.00	8	0.20	33	0.00	0	0.00	0.00	2
SRR1748552	14954	850	0.06	537	0.63	313	0.02	0	0.08	0.00	4
SRR1748553	14954	66	0.00	6	0.09	60	0.00	0	0.01	0.00	2
SRR1748554	14954	1555	0.10	1072	0.69	483	0.03	0	0.15	0.00	10
SRR1748555	14954	11	0.00	10	0.91	1	0.00	0	0.00	0.00	3
SRR1748556	14954	36	0.00	9	0.25	27	0.00	0	0.03	0.00	16
SRR1748557	14954	0	0.00	0	0.00	0	0.00	0	0.00	0.00	0
SRR1748558	14954	32	0.00	27	0.84	5	0.00	0	0.00	0.00	2
SRR1748559	14954	577	0.04	236	0.41	341	0.02	0	0.06	0.00	4
SRR1748560	14954	32	0.00	3	0.09	29	0.00	0	0.01	0.00	4
SRR1748561	14954	0	0.00	0	0.00	0	0.00	0	0.00	0.00	0
SRR1748562	14954	69	0.00	57	0.83	12	0.00	0	0.01	0.00	2
SRR1748563	14954	8	0.00	0	0.00	8	0.00	0	0.00	0.00	2
SRR1748564	14954	413	0.03	288	0.70	125	0.01	0	0.04	0.00	2
SRR1748565	14954	158	0.01	90	0.57	68	0.00	0	0.02	0.00	4
SRR1748566	14954	1751	0.12	1107	0.63	644	0.04	0	0.19	0.00	12
SRR1748567	14954	202	0.01	11	0.05	191	0.01	0	0.04	0.00	15
SRR1748568	14954	1879	0.13	1227	0.65	652	0.04	0	0.37	0.00	145
SRR1748569	14954	9809	0.66	3795	0.39	6014	0.40	0	1.39	1.00	26
SRR1748570	14954	1223	0.08	314	0.26	909	0.06	0	0.15	0.00	6
SRR1748571	14954	16	0.00	1	0.06	15	0.00	0	0.00	0.00	4
SRR1748572	14954	7317	0.49	5122	0.70	2195	0.15	0	0.69	0.00	15
SRR1748573	14954	4260	0.28	2777	0.65	1483	0.10	0	0.42	0.00	7
SRR1748574	14954	14037	0.94	1739	0.12	12298	0.82	0	4.13	4.00	63
SRR1748575	14954	3337	0.22	760	0.23	2577	0.17	0	0.44	0.00	10
SRR1748576	14954	326	0.02	275	0.84	51	0.00	0	0.03	0.00	10
SRR1748577	14954	2074	0.14	1478	0.71	596	0.04	0	0.19	0.00	7
SRR1748578	14954	264	0.02	193	0.73	71	0.00	0	0.02	0.00	2
SRR1748579	14954	11	0.00	0	0.00	11	0.00	0	0.00	0.00	2
SRR1748580	14954	2543	0.17	1816	0.71	727	0.05	0	0.24	0.00	7
SRR1748581	14954	340	0.02	79	0.23	261	0.02	0	0.04	0.00	2
SRR1748582	14954	279	0.02	172	0.62	107	0.01	0	0.03	0.00	3
SRR1748583	14954	73	0.00	24	0.33	49	0.00	0	0.02	0.00	8
SRR1748584	14954	10	0.00	0	0.00	10	0.00	0	0.00	0.00	2
SRR1748585	14954	4447	0.30	2591	0.58	1856	0.12	0	0.47	0.00	6
SRR1748586	14954	3	0.00	0	0.00	3	0.00	0	0.00	0.00	2
SRR1748587	14954	333	0.02	247	0.74	86	0.01	0	0.03	0.00	6
SRR1748588	14954	4609	0.31	3091	0.67	1518	0.10	0	0.45	0.00	10
SRR1748589	14954	692	0.05	251	0.36	441	0.03	0	0.08	0.00	2
SRR1748590	14954	183	0.01	148	0.81	35	0.00	0	0.01	0.00	2
SRR1748591	14954	80	0.01	68	0.85	12	0.00	0	0.01	0.00	6
SRR1748592	14954	0	0.00	0	0.00	0	0.00	0	0.00	0.00	0
SRR1748593	14954	14360	0.96	1548	0.11	12812	0.86	0	4.42	4.00	51
SRR1748594	14954	37	0.00	2	0.05	35	0.00	0	0.01	0.00	9
SRR1748595	14954	27	0.00	0	0.00	27	0.00	0	0.01	0.00	4
SRR1748596	14954	708	0.05	569	0.80	139	0.01	0	0.06	0.00	4
SRR1748597	14954	7	0.00	4	0.57	3	0.00	0	0.00	0.00	12
SRR1748598	14954	0	0.00	0	0.00	0	0.00	0	0.00	0.00	0
SRR1748599	14954	3	0.00	3	1.00	0	0.00	0	0.00	0.00	1
SRR1748600	14954	4	0.00	4	1.00	0	0.00	0	0.00	0.00	1
SRR1748601	14954	88	0.01	8	0.09	80	0.01	0	0.02	0.00	11
SRR1748602	14954	201	0.01	59	0.29	142	0.01	0	0.02	0.00	6
SRR1748603	14954	2175	0.15	1511	0.69	664	0.04	0	0.21	0.00	16
SRR1748604	14954	41	0.00	2	0.05	39	0.00	0	0.03	0.00	16
SRR1748605	14954	38	0.00	3	0.08	35	0.00	0	0.00	0.00	2
SRR1748606	14954	90	0.01	64	0.71	26	0.00	0	0.01	0.00	6
SRR1748607	14954	0	0.00	0	0.00	0	0.00	0	0.00	0.00	0
SRR1748608	14954	53	0.00	53	1.00	0	0.00	0	0.00	0.00	1
SRR1748609	14954	11	0.00	0	0.00	11	0.00	0	0.00	0.00	2
SRR1748610	14954	53	0.00	15	0.28	38	0.00	0	0.01	0.00	7
SRR1748611	14954	14022	0.94	2626	0.19	11396	0.76	0	2.89	3.00	36
SRR1748612	14954	658	0.04	647	0.98	11	0.00	0	0.04	0.00	2
SRR1748613	14954	727	0.05	684	0.94	43	0.00	0	0.05	0.00	2
SRR1748614	14954	350	0.02	96	0.27	254	0.02	0	0.04	0.00	2
SRR1748615	14954	3808	0.25	2574	0.68	1234	0.08	0	0.35	0.00	8
SRR1748616	14954	6	0.00	0	0.00	6	0.00	0	0.00	0.00	2
SRR1748617	14954	66	0.00	49	0.74	17	0.00	0	0.01	0.00	2
SRR1748618	14954	1472	0.10	1367	0.93	105	0.01	0	0.11	0.00	18
SRR1748619	14954	22	0.00	5	0.23	17	0.00	0	0.00	0.00	4
SRR1748620	14954	4517	0.30	3765	0.83	752	0.05	0	0.36	0.00	6
SRR1748621	14954	3669	0.25	1150	0.31	2519	0.17	0	0.46	0.00	6
SRR1748622	14954	14184	0.95	1579	0.11	12605	0.84	0	4.11	4.00	64
SRR1748623	14954	295	0.02	247	0.84	48	0.00	0	0.05	0.00	43
SRR1748624	14954	83	0.01	57	0.69	26	0.00	0	0.01	0.00	6
SRR1748625	14954	33	0.00	31	0.94	2	0.00	0	0.00	0.00	2
SRR1748626	14954	6210	0.42	4296	0.69	1914	0.13	0	0.59	0.00	15
SRR1748627	14954	14954	1.00	0	0.00	14954	1.00	9	33.21	31.00	414
SRR1748628	14954	13181	0.88	1150	0.09	12031	0.80	0	3.69	3.00	60
SRR1748629	14954	476	0.03	395	0.83	81	0.01	0	0.04	0.00	3
SRR1748630	14954	152	0.01	45	0.30	107	0.01	0	0.02	0.00	2
SRR1748631	14954	1888	0.13	1502	0.80	386	0.03	0	0.16	0.00	4
SRR1748632	14954	0	0.00	0	0.00	0	0.00	0	0.00	0.00	0
SRR1748633	14954	0	0.00	0	0.00	0	0.00	0	0.00	0.00	0
SRR1748634	14954	91	0.01	91	1.00	0	0.00	0	0.01	0.00	1
SRR1748635	14954	30	0.00	0	0.00	30	0.00	0	0.00	0.00	3
SRR1748636	14954	367	0.02	286	0.78	81	0.01	0	0.03	0.00	7
SRR1748637	14954	10	0.00	0	0.00	10	0.00	0	0.00	0.00	3
SRR1748638	14954	36	0.00	15	0.42	21	0.00	0	0.01	0.00	9
SRR1748639	14954	13	0.00	10	0.77	3	0.00	0	0.00	0.00	2
SRR1748640	14954	0	0.00	0	0.00	0	0.00	0	0.00	0.00	0
SRR1748641	14954	286	0.02	178	0.62	108	0.01	0	0.03	0.00	9
SRR1748642	14954	8611	0.58	4159	0.48	4452	0.30	0	1.11	1.00	21
SRR1748643	14954	1360	0.09	402	0.30	958	0.06	0	0.16	0.00	4
SRR1748644	14954	73	0.00	0	0.00	73	0.00	0	0.01	0.00	14
SRR1748645	14954	30	0.00	7	0.23	23	0.00	0	0.01	0.00	9
SRR1748646	14954	11240	0.75	4132	0.37	7108	0.48	0	1.74	1.00	29
SRR1748647	14954	1896	0.13	801	0.42	1095	0.07	0	0.21	0.00	4
SRR1748648	14954	2686	0.18	1871	0.70	815	0.05	0	0.25	0.00	7
SRR1748649	14954	13967	0.93	1956	0.14	12011	0.80	0	3.43	3.00	75
SRR1748650	14954	3523	0.24	701	0.20	2822	0.19	0	0.49	0.00	12
SRR1748651	14954	1335	0.09	1000	0.75	335	0.02	0	0.11	0.00	4
SRR1748652	14954	6989	0.47	4145	0.59	2844	0.19	0	0.83	0.00	111
SRR1748653	14954	17	0.00	5	0.29	12	0.00	0	0.00	0.00	2
SRR1748654	14954	89	0.01	30	0.34	59	0.00	0	0.03	0.00	16
SRR1748655	14954	7	0.00	7	1.00	0	0.00	0	0.00	0.00	1
SRR1748656	14954	7	0.00	7	1.00	0	0.00	0	0.00	0.00	1
SRR1748657	14954	10127	0.68	4409	0.44	5718	0.38	0	1.46	1.00	44
SRR1748658	14954	814	0.05	671	0.82	143	0.01	0	0.07	0.00	3
SRR1748659	14954	9645	0.64	3952	0.41	5693	0.38	0	1.29	1.00	22
SRR1748660	14954	8476	0.57	2387	0.28	6089	0.41	0	1.33	1.00	16
SRR1748661	14954	14913	1.00	54	0.00	14859	0.99	0	8.68	8.00	110
SRR1748662	14954	1612	0.11	1195	0.74	417	0.03	0	0.14	0.00	9
SRR1748663	14954	5884	0.39	4443	0.76	1441	0.10	0	0.56	0.00	35
SRR1748664	14954	33	0.00	0	0.00	33	0.00	0	0.01	0.00	4
SRR1748665	14954	105	0.01	90	0.86	15	0.00	0	0.01	0.00	3
SRR1748666	14954	298	0.02	258	0.87	40	0.00	0	0.03	0.00	10
SRR1748667	14954	822	0.05	759	0.92	63	0.00	0	0.06	0.00	4
SRR1748668	14954	1322	0.09	494	0.37	828	0.06	0	0.15	0.00	8
SRR1748669	14954	8798	0.59	3726	0.42	5072	0.34	0	1.21	1.00	36
SRR1748670	14954	244	0.02	198	0.81	46	0.00	0	0.03	0.00	12
SRR1748671	14954	36	0.00	28	0.78	8	0.00	0	0.00	0.00	2
SRR1748672	14954	465	0.03	286	0.62	179	0.01	0	0.05	0.00	14
SRR1748673	14954	102	0.01	35	0.34	67	0.00	0	0.01	0.00	2
SRR1748674	14954	1293	0.09	1093	0.85	200	0.01	0	0.10	0.00	4
SRR1748675	14954	151	0.01	132	0.87	19	0.00	0	0.01	0.00	5
SRR1748676	14954	655	0.04	633	0.97	22	0.00	0	0.05	0.00	9
SRR1748677	14954	14	0.00	8	0.57	6	0.00	0	0.00	0.00	7
SRR1748678	14954	294	0.02	122	0.41	172	0.01	0	0.03	0.00	2
SRR1748679	14954	3160	0.21	2203	0.70	957	0.06	0	0.29	0.00	5
SRR1748680	14954	0	0.00	0	0.00	0	0.00	0	0.00	0.00	0
SRR1748681	14954	28	0.00	0	0.00	28	0.00	0	0.00	0.00	4
SRR1748682	14954	6524	0.44	3759	0.58	2765	0.18	0	0.72	0.00	9
SRR1748683	14954	72	0.00	2	0.03	70	0.00	0	0.01	0.00	2
SRR1748684	14954	101	0.01	61	0.60	40	0.00	0	0.01	0.00	6
SRR1748685	14954	969	0.06	449	0.46	520	0.03	0	0.10	0.00	7
SRR1748686	14954	7203	0.48	4184	0.58	3019	0.20	0	0.77	0.00	14
SRR1748687	14954	523	0.03	477	0.91	46	0.00	0	0.04	0.00	8
SRR1748688	14954	14	0.00	0	0.00	14	0.00	0	0.00	0.00	2
SRR1748689	14954	268	0.02	169	0.63	99	0.01	0	0.02	0.00	5
SRR1748690	14954	0	0.00	0	0.00	0	0.00	0	0.00	0.00	0
SRR1748691	14954	101	0.01	89	0.88	12	0.00	0	0.01	0.00	3
SRR1748692	14954	3	0.00	1	0.33	2	0.00	0	0.00	0.00	2
SRR1748693	14954	10	0.00	2	0.20	8	0.00	0	0.00	0.00	5
SRR1748694	14954	139	0.01	101	0.73	38	0.00	0	0.01	0.00	3
SRR1748695	14954	549	0.04	113	0.21	436	0.03	0	0.07	0.00	4
SRR1748696	14954	4594	0.31	2793	0.61	1801	0.12	0	0.49	0.00	10
SRR1748697	14954	298	0.02	127	0.43	171	0.01	0	0.03	0.00	2
SRR1748698	14954	3105	0.21	2020	0.65	1085	0.07	0	0.30	0.00	8
SRR1748699	14954	143	0.01	88	0.62	55	0.00	0	0.01	0.00	2
SRR1748700	14954	257	0.02	78	0.30	179	0.01	0	0.03	0.00	2
SRR1748701	14954	3140	0.21	2429	0.77	711	0.05	0	0.27	0.00	4
SRR1748702	14954	65	0.00	65	1.00	0	0.00	0	0.00	0.00	1
SRR1748703	14954	182	0.01	81	0.45	101	0.01	0	0.02	0.00	2
SRR1748704	14954	3628	0.24	2332	0.64	1296	0.09	0	0.35	0.00	5
SRR1748705	14954	1441	0.10	732	0.51	709	0.05	0	0.15	0.00	4
SRR1748706	14954	12118	0.81	3730	0.31	8388	0.56	0	2.10	2.00	24
SRR1748707	14954	11155	0.75	2720	0.24	8435	0.56	0	2.17	2.00	33
SRR1748708	14954	14953	1.00	2	0.00	14951	1.00	0	18.00	17.00	275
SRR1748709	14954	11	0.00	1	0.09	10	0.00	0	0.00	0.00	2
SRR1748710	14954	162	0.01	117	0.72	45	0.00	0	0.02	0.00	4
SRR1748711	14954	6950	0.46	4712	0.68	2238	0.15	0	0.70	0.00	34
SRR1748712	14954	436	0.03	251	0.58	185	0.01	0	0.07	0.00	26
SRR1748713	14954	244	0.02	118	0.48	126	0.01	0	0.02	0.00	2
SRR1748714	14954	1366	0.09	1090	0.80	276	0.02	0	0.12	0.00	11
SRR1748715	14954	76	0.01	2	0.03	74	0.00	0	0.03	0.00	13
SRR1748716	14954	1	0.00	1	1.00	0	0.00	0	0.00	0.00	1
SRR1748717	14954	47	0.00	27	0.57	20	0.00	0	0.00	0.00	2
SRR1748718	14954	3	0.00	1	0.33	2	0.00	0	0.00	0.00	2
SRR1748719	14954	710	0.05	524	0.74	186	0.01	0	0.06	0.00	3
SRR1748720	14954	650	0.04	553	0.85	97	0.01	0	0.05	0.00	3
SRR1748721	14954	58	0.00	15	0.26	43	0.00	0	0.01	0.00	2
SRR1748722	14954	623	0.04	487	0.78	136	0.01	0	0.05	0.00	5
SRR1748723	14954	2722	0.18	974	0.36	1748	0.12	0	0.32	0.00	6
SRR1748724	14954	12970	0.87	3616	0.28	9354	0.63	0	2.43	2.00	32
SRR1748725	14954	0	0.00	0	0.00	0	0.00	0	0.00	0.00	0
SRR1748726	14954	242	0.02	167	0.69	75	0.01	0	0.02	0.00	3
SRR1748727	14954	16	0.00	3	0.19	13	0.00	0	0.01	0.00	16
SRR1748728	14954	55	0.00	53	0.96	2	0.00	0	0.00	0.00	3
SRR1748729	14954	121	0.01	68	0.56	53	0.00	0	0.12	0.00	39
SRR1748730	14954	456	0.03	91	0.20	365	0.02	0	0.06	0.00	3
SRR1748731	14954	4125	0.28	2846	0.69	1279	0.09	0	0.38	0.00	19
SRR1748732	14954	93	0.01	92	0.99	1	0.00	0	0.01	0.00	2
SRR1748733	14954	4	0.00	0	0.00	4	0.00	0	0.00	0.00	2
SRR1748734	14954	263	0.02	202	0.77	61	0.00	0	0.02	0.00	2
SRR1748735	14954	6	0.00	0	0.00	6	0.00	0	0.00	0.00	2
SRR1748736	14954	39	0.00	14	0.36	25	0.00	0	0.00	0.00	3
SRR1748737	14954	62	0.00	43	0.69	19	0.00	0	0.01	0.00	2
SRR1748738	14954	302	0.02	240	0.79	62	0.00	0	0.03	0.00	7
SRR1748739	14954	24	0.00	0	0.00	24	0.00	0	0.01	0.00	8
SRR1748740	14954	5041	0.34	3160	0.63	1881	0.13	0	0.51	0.00	14
SRR1748741	14954	0	0.00	0	0.00	0	0.00	0	0.00	0.00	0
SRR1748742	14954	41	0.00	27	0.66	14	0.00	0	0.01	0.00	8
SRR1748743	14954	1483	0.10	1283	0.87	200	0.01	0	0.12	0.00	4
SRR1748744	14954	2317	0.15	2083	0.90	234	0.02	0	0.18	0.00	8
SRR1748745	14954	111	0.01	40	0.36	71	0.00	0	0.02	0.00	6
SRR1748746	14954	1052	0.07	718	0.68	334	0.02	0	0.19	0.00	38
SRR1748747	14954	26	0.00	19	0.73	7	0.00	0	0.00	0.00	2
SRR1748748	14954	843	0.06	665	0.79	178	0.01	0	0.07	0.00	5
SRR1748749	14954	1235	0.08	986	0.80	249	0.02	0	0.11	0.00	12
SRR1748750	14954	2	0.00	2	1.00	0	0.00	0	0.00	0.00	1
SRR1748751	14954	6	0.00	6	1.00	0	0.00	0	0.00	0.00	1
SRR1748752	14954	0	0.00	0	0.00	0	0.00	0	0.00	0.00	0
SRR1748753	14954	329	0.02	307	0.93	22	0.00	0	0.02	0.00	2
SRR1748754	14954	89	0.01	29	0.33	60	0.00	0	0.01	0.00	2
SRR1748755	14954	717	0.05	589	0.82	128	0.01	0	0.06	0.00	2
SRR1748756	14954	47	0.00	46	0.98	1	0.00	0	0.00	0.00	2
SRR1748757	14954	0	0.00	0	0.00	0	0.00	0	0.00	0.00	0
SRR1748758	14954	273	0.02	132	0.48	141	0.01	0	0.03	0.00	6
SRR1748759	14954	0	0.00	0	0.00	0	0.00	0	0.00	0.00	0
SRR1748760	14954	101	0.01	54	0.53	47	0.00	0	0.01	0.00	6
SRR1748761	14954	10666	0.71	4178	0.39	6488	0.43	0	1.74	1.00	40
SRR1748762	14954	6	0.00	1	0.17	5	0.00	0	0.00	0.00	2
SRR1748763	14954	116	0.01	94	0.81	22	0.00	0	0.01	0.00	2
SRR1748764	14954	36	0.00	11	0.31	25	0.00	0	0.00	0.00	4
SRR1748765	14954	428	0.03	348	0.81	80	0.01	0	0.03	0.00	4
SRR1748766	14954	359	0.02	264	0.74	95	0.01	0	0.05	0.00	27
SRR1748767	14954	3	0.00	2	0.67	1	0.00	0	0.00	0.00	2
SRR1748768	14954	34	0.00	11	0.32	23	0.00	0	0.01	0.00	10
SRR1748769	14954	166	0.01	90	0.54	76	0.01	0	0.02	0.00	2
SRR1748770	14954	1635	0.11	1210	0.74	425	0.03	0	0.16	0.00	8
SRR1748771	14954	133	0.01	66	0.50	67	0.00	0	0.01	0.00	2
SRR1748772	14954	81	0.01	36	0.44	45	0.00	0	0.01	0.00	2
SRR1748773	14954	409	0.03	343	0.84	66	0.00	0	0.03	0.00	2
SRR1748774	14954	78	0.01	3	0.04	75	0.01	0	0.01	0.00	9
SRR1748775	14954	93	0.01	81	0.87	12	0.00	0	0.02	0.00	83
SRR1748776	14954	1	0.00	1	1.00	0	0.00	0	0.00	0.00	1
SRR1748777	14954	325	0.02	153	0.47	172	0.01	0	0.03	0.00	4
SRR1748778	14954	1352	0.09	976	0.72	376	0.03	0	0.12	0.00	9
SRR1748779	14954	59	0.00	0	0.00	59	0.00	0	0.01	0.00	2
SRR1748780	14954	57	0.00	49	0.86	8	0.00	0	0.00	0.00	2
SRR1748781	14954	11	0.00	11	1.00	0	0.00	0	0.00	0.00	1
SRR1748782	14954	187	0.01	126	0.67	61	0.00	0	0.02	0.00	3
SRR1748783	14954	12	0.00	12	1.00	0	0.00	0	0.00	0.00	1
SRR1748784	14954	0	0.00	0	0.00	0	0.00	0	0.00	0.00	0
SRR1748785	14954	52	0.00	43	0.83	9	0.00	0	0.00	0.00	3
SRR1748786	14954	2911	0.19	2485	0.85	426	0.03	0	0.25	0.00	42
SRR1748787	14954	39	0.00	36	0.92	3	0.00	0	0.00	0.00	2
SRR1748788	14954	9622	0.64	3940	0.41	5682	0.38	0	1.45	1.00	27
SRR1748789	14954	56	0.00	56	1.00	0	0.00	0	0.00	0.00	1
SRR1748790	14954	1436	0.10	1033	0.72	403	0.03	0	0.14	0.00	9
SRR1748791	14954	5232	0.35	3210	0.61	2022	0.14	0	0.54	0.00	8
SRR1748792	14954	56	0.00	20	0.36	36	0.00	0	0.01	0.00	6
SRR1748793	14954	47	0.00	34	0.72	13	0.00	0	0.00	0.00	2
SRR1748794	14954	14727	0.98	76	0.01	14651	0.98	0	11.04	10.00	245
SRR1748795	14954	3651	0.24	1732	0.47	1919	0.13	0	0.41	0.00	7
SRR1748796	14954	14949	1.00	108	0.01	14841	0.99	0	7.75	7.00	101
SRR1748797	14954	285	0.02	75	0.26	210	0.01	0	0.14	0.00	64
SRR1748798	14954	12642	0.85	2466	0.20	10176	0.68	0	2.89	2.00	55
SRR1748799	14954	1871	0.13	1276	0.68	595	0.04	0	0.17	0.00	4
SRR1748800	14954	10860	0.73	3068	0.28	7792	0.52	0	2.09	2.00	34
SRR1748801	14954	14759	0.99	144	0.01	14615	0.98	0	10.95	10.00	326
SRR1748802	14954	14576	0.97	1808	0.12	12768	0.85	0	3.90	3.00	82
SRR1748803	14954	12070	0.81	2823	0.23	9247	0.62	0	2.55	2.00	31
SRR1748804	14954	12645	0.85	3690	0.29	8955	0.60	0	2.23	2.00	26
SRR1748805	14954	589	0.04	419	0.71	170	0.01	0	0.05	0.00	5
SRR1748806	14954	13335	0.89	3400	0.25	9935	0.66	0	2.49	2.00	47
SRR1748807	14954	14954	1.00	0	0.00	14954	1.00	7	23.00	22.00	671
SRR1748808	14954	215	0.01	188	0.87	27	0.00	0	0.03	0.00	15
SRR1748809	14954	1761	0.12	1150	0.65	611	0.04	0	0.23	0.00	22
SRR1748810	14954	553	0.04	484	0.88	69	0.00	0	0.07	0.00	27
SRR1748811	14954	45	0.00	33	0.73	12	0.00	0	0.00	0.00	3
SRR1748812	14954	14954	1.00	0	0.00	14954	1.00	5	41.41	39.00	666
SRR1748813	14954	2485	0.17	1641	0.66	844	0.06	0	0.24	0.00	7
SRR1748814	14954	17	0.00	6	0.35	11	0.00	0	0.00	0.00	2
SRR1748815	14954	1060	0.07	690	0.65	370	0.02	0	0.10	0.00	4
SRR1748816	14954	212	0.01	187	0.88	25	0.00	0	0.02	0.00	10
SRR1748817	14954	988	0.07	565	0.57	423	0.03	0	0.10	0.00	4
SRR1748818	14954	206	0.01	102	0.50	104	0.01	0	0.03	0.00	11
SRR1748819	14954	446	0.03	250	0.56	196	0.01	0	0.04	0.00	4
SRR1748820	14954	1980	0.13	1161	0.59	819	0.05	0	0.20	0.00	5
SRR1748821	14954	2	0.00	2	1.00	0	0.00	0	0.00	0.00	1
SRR1748822	14954	70	0.00	52	0.74	18	0.00	0	0.01	0.00	6
SRR1748823	14954	879	0.06	455	0.52	424	0.03	0	0.10	0.00	11
SRR1748824	14954	1471	0.10	1363	0.93	108	0.01	0	0.11	0.00	4
SRR1748825	14954	1241	0.08	941	0.76	300	0.02	0	0.11	0.00	4
SRR1748826	14954	1318	0.09	1083	0.82	235	0.02	0	0.12	0.00	9
SRR1748827	14954	3003	0.20	2616	0.87	387	0.03	0	0.29	0.00	93
SRR1748828	14954	755	0.05	523	0.69	232	0.02	0	0.07	0.00	3
SRR1748829	14954	81	0.01	45	0.56	36	0.00	0	0.04	0.00	36
SRR1748830	14954	181	0.01	157	0.87	24	0.00	0	0.02	0.00	9
SRR1748831	14954	288	0.02	248	0.86	40	0.00	0	0.04	0.00	14
SRR1748832	14954	196	0.01	174	0.89	22	0.00	0	0.02	0.00	4
SRR1748833	14954	720	0.05	546	0.76	174	0.01	0	0.06	0.00	4
SRR1748834	14954	133	0.01	77	0.58	56	0.00	0	0.04	0.00	37
SRR1748835	14954	252	0.02	229	0.91	23	0.00	0	0.02	0.00	10
SRR1748836	14954	2291	0.15	1573	0.69	718	0.05	0	0.23	0.00	14
SRR1748837	14954	4002	0.27	2530	0.63	1472	0.10	0	0.40	0.00	15
SRR1748838	14954	244	0.02	213	0.87	31	0.00	0	0.03	0.00	21
SRR1748839	14954	164	0.01	102	0.62	62	0.00	0	0.03	0.00	18
SRR1748840	14954	1348	0.09	1065	0.79	283	0.02	0	0.13	0.00	30
SRR1748841	14954	4051	0.27	2519	0.62	1532	0.10	0	0.43	0.00	15
SRR1748842	14954	605	0.04	465	0.77	140	0.01	0	0.11	0.00	62
SRR1748843	14954	14868	0.99	151	0.01	14717	0.98	0	6.97	7.00	203
SRR1748844	14954	86	0.01	28	0.33	58	0.00	0	0.20	0.00	132
SRR1748845	14954	3824	0.26	2634	0.69	1190	0.08	0	0.37	0.00	30
SRR1748846	14954	497	0.03	268	0.54	229	0.02	0	0.06	0.00	15
SRR1748847	14954	62	0.00	26	0.42	36	0.00	0	0.01	0.00	4
SRR1748848	14954	51	0.00	14	0.27	37	0.00	0	0.01	0.00	2
SRR1748849	14954	722	0.05	628	0.87	94	0.01	0	0.10	0.00	25
SRR1748850	14954	7033	0.47	3224	0.46	3809	0.25	0	0.91	0.00	17
SRR1748851	14954	1199	0.08	817	0.68	382	0.03	0	0.11	0.00	4
SRR1748852	14954	344	0.02	170	0.49	174	0.01	0	0.05	0.00	9
SRR1748853	14954	1021	0.07	648	0.63	373	0.02	0	0.10	0.00	6
SRR1748854	14954	17	0.00	11	0.65	6	0.00	0	0.00	0.00	2
SRR1748855	14954	182	0.01	83	0.46	99	0.01	0	0.04	0.00	19
SRR1748856	14954	433	0.03	361	0.83	72	0.00	0	0.03	0.00	6
SRR1748857	14954	13	0.00	3	0.23	10	0.00	0	0.05	0.00	74
SRR1748858	14954	18	0.00	11	0.61	7	0.00	0	0.00	0.00	5
SRR1748859	14954	14881	1.00	158	0.01	14723	0.98	0	8.66	8.00	161
SRR1748860	14954	1081	0.07	760	0.70	321	0.02	0	0.11	0.00	7
SRR1748861	14954	2526	0.17	2357	0.93	169	0.01	0	0.20	0.00	48
SRR1748862	14954	159	0.01	113	0.71	46	0.00	0	0.01	0.00	5
SRR1748863	14954	998	0.07	666	0.67	332	0.02	0	0.10	0.00	9
SRR1748864	14954	14954	1.00	20	0.00	14934	1.00	1	14.01	12.00	503
SRR1748865	14954	1312	0.09	1217	0.93	95	0.01	0	0.12	0.00	34
SRR1748866	14954	1323	0.09	827	0.63	496	0.03	0	0.13	0.00	7
SRR1748867	14954	221	0.01	58	0.26	163	0.01	0	0.03	0.00	2
SRR1748868	14954	1207	0.08	1008	0.84	199	0.01	0	0.13	0.00	19
SRR1748869	14954	528	0.04	489	0.93	39	0.00	0	0.05	0.00	10
SRR1748870	14954	8	0.00	5	0.62	3	0.00	0	0.00	0.00	2
SRR1748871	14954	924	0.06	565	0.61	359	0.02	0	0.09	0.00	7
SRR1748872	14954	46	0.00	32	0.70	14	0.00	0	0.01	0.00	5
SRR1748873	14954	15	0.00	15	1.00	0	0.00	0	0.00	0.00	1
SRR1748874	14954	19	0.00	0	0.00	19	0.00	0	0.00	0.00	3
SRR1748875	14954	475	0.03	352	0.74	123	0.01	0	0.08	0.00	23
SRR1748876	14954	336	0.02	325	0.97	11	0.00	0	0.03	0.00	17
SRR1748877	14954	10	0.00	10	1.00	0	0.00	0	0.00	0.00	1
SRR1748878	14954	906	0.06	635	0.70	271	0.02	0	0.08	0.00	3
SRR1748879	14954	39	0.00	27	0.69	12	0.00	0	0.01	0.00	15
SRR1748880	14954	6	0.00	2	0.33	4	0.00	0	0.01	0.00	38
SRR1748881	14954	245	0.02	192	0.78	53	0.00	0	0.03	0.00	9
SRR1748882	14954	631	0.04	603	0.96	28	0.00	0	0.05	0.00	8
SRR1748883	14954	84	0.01	35	0.42	49	0.00	0	0.01	0.00	8
SRR1748884	14954	4634	0.31	3549	0.77	1085	0.07	0	0.44	0.00	20
SRR1748885	14954	56	0.00	46	0.82	10	0.00	0	0.01	0.00	7
SRR1748886	14954	372	0.02	191	0.51	181	0.01	0	0.06	0.00	36
SRR1748887	14954	143	0.01	105	0.73	38	0.00	0	0.02	0.00	10
SRR1748888	14954	111	0.01	76	0.68	35	0.00	0	0.08	0.00	106
SRR1748889	14954	95	0.01	37	0.39	58	0.00	0	0.05	0.00	20
SRR1748890	14954	282	0.02	225	0.80	57	0.00	0	0.02	0.00	3
SRR1748891	14954	12	0.00	12	1.00	0	0.00	0	0.00	0.00	1
SRR1748892	14954	371	0.02	292	0.79	79	0.01	0	0.11	0.00	91
SRR1748893	14954	13	0.00	13	1.00	0	0.00	0	0.00	0.00	1
SRR1748894	14954	29	0.00	6	0.21	23	0.00	0	0.01	0.00	6
SRR1748895	14954	106	0.01	101	0.95	5	0.00	0	0.01	0.00	2
SRR1748896	14954	456	0.03	391	0.86	65	0.00	0	0.07	0.00	33
SRR1748897	14954	284	0.02	268	0.94	16	0.00	0	0.02	0.00	3
SRR1748898	14954	51	0.00	34	0.67	17	0.00	0	0.00	0.00	2
SRR1748899	14954	103	0.01	59	0.57	44	0.00	0	0.01	0.00	24
SRR1748900	14954	898	0.06	561	0.62	337	0.02	0	0.09	0.00	4
SRR1748901	14954	10316	0.69	5352	0.52	4964	0.33	0	1.26	1.00	35
SRR1748902	14954	1623	0.11	1147	0.71	476	0.03	0	0.15	0.00	4
SRR1748903	14954	4285	0.29	2742	0.64	1543	0.10	0	0.42	0.00	10
SRR1748904	14954	171	0.01	85	0.50	86	0.01	0	0.04	0.00	24
SRR1748905	14954	242	0.02	185	0.76	57	0.00	0	0.03	0.00	13
SRR1748906	14954	81	0.01	67	0.83	14	0.00	0	0.01	0.00	7
SRR1748907	14954	216	0.01	180	0.83	36	0.00	0	0.02	0.00	2
SRR1748908	14954	8678	0.58	3719	0.43	4959	0.33	0	1.20	1.00	17
SRR1748909	14954	23	0.00	10	0.43	13	0.00	0	0.00	0.00	7
SRR1748910	14954	10829	0.72	3681	0.34	7148	0.48	0	1.76	1.00	37
SRR1748911	14954	483	0.03	462	0.96	21	0.00	0	0.04	0.00	8
SRR1748912	14954	5440	0.36	3944	0.72	1496	0.10	0	0.59	0.00	82
SRR1748913	14954	6340	0.42	3970	0.63	2370	0.16	0	0.65	0.00	13
SRR1748914	14954	3101	0.21	2641	0.85	460	0.03	0	0.25	0.00	20
SRR1748915	14954	411	0.03	370	0.90	41	0.00	0	0.04	0.00	12
SRR1748916	14954	5742	0.38	3395	0.59	2347	0.16	0	0.63	0.00	13
SRR1748917	14954	938	0.06	806	0.86	132	0.01	0	0.07	0.00	6
SRR1748918	14954	41	0.00	15	0.37	26	0.00	0	0.01	0.00	5
SRR1748919	14954	1139	0.08	1081	0.95	58	0.00	0	0.09	0.00	12
SRR1748920	14954	14679	0.98	724	0.05	13955	0.93	0	6.06	5.00	107
SRR1748921	14954	25	0.00	4	0.16	21	0.00	0	0.01	0.00	9
SRR1748922	14954	221	0.01	154	0.70	67	0.00	0	0.04	0.00	25
SRR1748923	14954	288	0.02	213	0.74	75	0.01	0	0.02	0.00	2
SRR1748924	14954	53	0.00	25	0.47	28	0.00	0	0.01	0.00	2
SRR1748925	14954	2146	0.14	1939	0.90	207	0.01	0	0.17	0.00	11
SRR1748926	14954	4731	0.32	3704	0.78	1027	0.07	0	0.44	0.00	22
SRR1748927	14954	177	0.01	118	0.67	59	0.00	0	0.02	0.00	2
SRR1748928	14954	3714	0.25	3116	0.84	598	0.04	0	0.31	0.00	10
SRR1748929	14954	1497	0.10	1398	0.93	99	0.01	0	0.11	0.00	2
SRR1748930	14954	33	0.00	12	0.36	21	0.00	0	0.00	0.00	5
SRR1748931	14954	351	0.02	305	0.87	46	0.00	0	0.12	0.00	47
SRR1748932	14954	3284	0.22	2106	0.64	1178	0.08	0	0.35	0.00	26
SRR1748933	14954	2917	0.20	2512	0.86	405	0.03	0	0.23	0.00	9
SRR1748934	14954	12226	0.82	3742	0.31	8484	0.57	0	2.19	2.00	45
SRR1748935	14954	1659	0.11	1180	0.71	479	0.03	0	0.15	0.00	5
SRR1748936	14954	14914	1.00	210	0.01	14704	0.98	0	8.98	8.00	238
SRR1748937	14954	10539	0.70	3808	0.36	6731	0.45	0	1.66	1.00	21
SRR1748938	14954	13745	0.92	2546	0.19	11199	0.75	0	3.00	3.00	39
SRR1748939	14954	14348	0.96	380	0.03	13968	0.93	0	6.30	6.00	249
SRR1748940	14954	1328	0.09	954	0.72	374	0.03	0	0.13	0.00	17
SRR1748941	14954	739	0.05	551	0.75	188	0.01	0	0.12	0.00	23
SRR1748942	14954	3356	0.22	2071	0.62	1285	0.09	0	0.35	0.00	14
SRR1748943	14954	0	0.00	0	0.00	0	0.00	0	0.00	0.00	0
SRR1748944	14954	1379	0.09	939	0.68	440	0.03	0	0.13	0.00	7
SRR1748945	14954	2848	0.19	1792	0.63	1056	0.07	0	0.30	0.00	14
SRR1748946	14954	0	0.00	0	0.00	0	0.00	0	0.00	0.00	0
SRR1748947	14954	349	0.02	292	0.84	57	0.00	0	0.03	0.00	8
SRR1748948	14954	262	0.02	159	0.61	103	0.01	0	0.03	0.00	6
SRR1748949	14954	83	0.01	35	0.42	48	0.00	0	0.01	0.00	9
SRR1748950	14954	898	0.06	460	0.51	438	0.03	0	0.10	0.00	12
SRR1748951	14954	2730	0.18	1719	0.63	1011	0.07	0	0.27	0.00	10
SRR1748952	14954	1213	0.08	753	0.62	460	0.03	0	0.14	0.00	20
SRR1748953	14954	683	0.05	556	0.81	127	0.01	0	0.07	0.00	15
SRR1748954	14954	6570	0.44	3291	0.50	3279	0.22	0	0.79	0.00	14
SRR1748955	14954	523	0.03	418	0.80	105	0.01	0	0.04	0.00	8
SRR1748956	14954	222	0.01	173	0.78	49	0.00	0	0.03	0.00	15
SRR1748957	14954	4385	0.29	3263	0.74	1122	0.08	0	0.46	0.00	45
SRR1748958	14954	82	0.01	48	0.59	34	0.00	0	0.01	0.00	6
SRR1748959	14954	646	0.04	390	0.60	256	0.02	0	0.07	0.00	18
SRR1748960	14954	38	0.00	0	0.00	38	0.00	0	0.09	0.00	44
SRR1748961	14954	157	0.01	66	0.42	91	0.01	0	0.02	0.00	4
SRR1748962	14954	105	0.01	81	0.77	24	0.00	0	0.02	0.00	11
SRR1748963	14954	25	0.00	21	0.84	4	0.00	0	0.00	0.00	2
SRR1748964	14954	100	0.01	29	0.29	71	0.00	0	0.02	0.00	11
SRR1748965	14954	92	0.01	15	0.16	77	0.01	0	0.05	0.00	30
SRR1748966	14954	700	0.05	351	0.50	349	0.02	0	0.10	0.00	35
SRR1748967	14954	2108	0.14	1763	0.84	345	0.02	0	0.38	0.00	166
SRR1748968	14954	756	0.05	589	0.78	167	0.01	0	0.06	0.00	5
SRR1748969	14954	120	0.01	38	0.32	82	0.01	0	0.07	0.00	53
SRR1748970	14954	588	0.04	523	0.89	65	0.00	0	0.05	0.00	16
SRR1748971	14954	487	0.03	426	0.87	61	0.00	0	0.04	0.00	13
SRR1748972	14954	2894	0.19	1781	0.62	1113	0.07	0	0.28	0.00	6
SRR1748973	14954	3	0.00	3	1.00	0	0.00	0	0.00	0.00	1
SRR1748974	14954	1024	0.07	689	0.67	335	0.02	0	0.10	0.00	10
SRR1748975	14954	59	0.00	59	1.00	0	0.00	0	0.00	0.00	1
SRR1748976	14954	4271	0.29	3119	0.73	1152	0.08	0	0.42	0.00	14
SRR1748977	14954	229	0.02	177	0.77	52	0.00	0	0.02	0.00	8
SRR1748978	14954	8229	0.55	3658	0.44	4571	0.31	0	1.11	1.00	43
SRR1748979	14954	2142	0.14	1947	0.91	195	0.01	0	0.19	0.00	43
SRR1748980	14954	8736	0.58	4085	0.47	4651	0.31	0	1.73	1.00	80
SRR1748981	14954	12	0.00	12	1.00	0	0.00	0	0.00	0.00	1
SRR1748982	14954	4289	0.29	2274	0.53	2015	0.13	0	0.49	0.00	11
SRR1748983	14954	8420	0.56	4913	0.58	3507	0.23	0	1.00	1.00	47
SRR1748984	14954	4920	0.33	3222	0.65	1698	0.11	0	0.49	0.00	6
SRR1748985	14954	703	0.05	540	0.77	163	0.01	0	0.12	0.00	82
SRR1748986	14954	88	0.01	19	0.22	69	0.00	0	0.06	0.00	45
SRR1748987	14954	49	0.00	42	0.86	7	0.00	0	0.00	0.00	2
SRR1748988	14954	2239	0.15	1897	0.85	342	0.02	0	0.17	0.00	5
SRR1748989	14954	60	0.00	16	0.27	44	0.00	0	0.03	0.00	109
SRR1748990	14954	130	0.01	71	0.55	59	0.00	0	0.05	0.00	39
SRR1748991	14954	57	0.00	6	0.11	51	0.00	0	0.02	0.00	8
SRR1748992	14954	4536	0.30	2970	0.65	1566	0.10	0	0.49	0.00	16
SRR1748993	14954	14953	1.00	3	0.00	14950	1.00	0	16.22	13.00	358
SRR1748994	14954	1340	0.09	1294	0.97	46	0.00	0	0.10	0.00	15
SRR1748995	14954	2967	0.20	1982	0.67	985	0.07	0	0.28	0.00	10
SRR1748996	14954	273	0.02	208	0.76	65	0.00	0	0.03	0.00	7
SRR1748997	14954	240	0.02	156	0.65	84	0.01	0	0.02	0.00	5
SRR1748998	14954	23	0.00	9	0.39	14	0.00	0	0.00	0.00	2
SRR1748999	14954	903	0.06	770	0.85	133	0.01	0	0.07	0.00	13
SRR1749000	14954	112	0.01	28	0.25	84	0.01	0	0.06	0.00	33
SRR1749001	14954	474	0.03	324	0.68	150	0.01	0	0.05	0.00	7
SRR1749002	14954	4572	0.31	3592	0.79	980	0.07	0	0.40	0.00	14
SRR1749003	14954	130	0.01	124	0.95	6	0.00	0	0.01	0.00	11
SRR1749004	14954	50	0.00	20	0.40	30	0.00	0	0.03	0.00	21
SRR1749005	14954	507	0.03	465	0.92	42	0.00	0	0.04	0.00	5
SRR1749006	14954	2774	0.19	1950	0.70	824	0.06	0	0.32	0.00	67
SRR1749007	14954	192	0.01	178	0.93	14	0.00	0	0.01	0.00	2
SRR1749008	14954	134	0.01	94	0.70	40	0.00	0	0.04	0.00	26
SRR1749009	14954	11210	0.75	5017	0.45	6193	0.41	0	1.57	1.00	40
SRR1749010	14954	52	0.00	29	0.56	23	0.00	0	0.01	0.00	3
SRR1749011	14954	3924	0.26	3072	0.78	852	0.06	0	0.35	0.00	20
SRR1749012	14954	8256	0.55	5219	0.63	3037	0.20	0	0.86	1.00	21
SRR1749013	14954	13613	0.91	3030	0.22	10583	0.71	0	2.97	3.00	48
SRR1749014	14954	1927	0.13	1673	0.87	254	0.02	0	0.17	0.00	31
SRR1749015	14954	3379	0.23	2300	0.68	1079	0.07	0	0.31	0.00	9
SRR1749016	14954	14954	1.00	36	0.00	14918	1.00	1	14.19	13.00	205
SRR1749017	14954	1318	0.09	899	0.68	419	0.03	0	0.13	0.00	9
SRR1749018	14954	522	0.03	483	0.93	39	0.00	0	0.07	0.00	30
SRR1749019	14954	72	0.00	45	0.62	27	0.00	0	0.01	0.00	3
SRR1749020	14954	222	0.01	81	0.36	141	0.01	0	0.02	0.00	3
SRR1749021	14954	506	0.03	484	0.96	22	0.00	0	0.04	0.00	3
SRR1749022	14954	12	0.00	5	0.42	7	0.00	0	0.00	0.00	8
SRR1749023	14954	430	0.03	428	1.00	2	0.00	0	0.03	0.00	2
SRR1749024	14954	426	0.03	353	0.83	73	0.00	0	0.04	0.00	6
SRR1749025	14954	8	0.00	8	1.00	0	0.00	0	0.00	0.00	1
SRR1749026	14954	49	0.00	7	0.14	42	0.00	0	0.03	0.00	22
SRR1749027	14954	166	0.01	151	0.91	15	0.00	0	0.01	0.00	9
SRR1749028	14954	637	0.04	517	0.81	120	0.01	0	0.05	0.00	7
SRR1749029	14954	3641	0.24	2667	0.73	974	0.07	0	0.32	0.00	5
SRR1749030	14954	125	0.01	103	0.82	22	0.00	0	0.03	0.00	25
SRR1749031	14954	257	0.02	187	0.73	70	0.00	0	0.02	0.00	2
SRR1749032	14954	878	0.06	689	0.78	189	0.01	0	0.07	0.00	2
SRR1749033	14954	167	0.01	126	0.75	41	0.00	0	0.02	0.00	5
SRR1749034	14954	637	0.04	402	0.63	235	0.02	0	0.06	0.00	2
SRR1749035	14954	59	0.00	50	0.85	9	0.00	0	0.00	0.00	3
SRR1749036	14954	2442	0.16	2110	0.86	332	0.02	0	0.19	0.00	5
SRR1749037	14954	37	0.00	34	0.92	3	0.00	0	0.00	0.00	2
SRR1749038	14954	4	0.00	2	0.50	2	0.00	0	0.00	0.00	4
SRR1749039	14954	2780	0.19	2416	0.87	364	0.02	0	0.23	0.00	10
SRR1749040	14954	273	0.02	246	0.90	27	0.00	0	0.02	0.00	5
SRR1749041	14954	67	0.00	33	0.49	34	0.00	0	0.02	0.00	23
SRR1749042	14954	30	0.00	7	0.23	23	0.00	0	0.01	0.00	4
SRR1749043	14954	48	0.00	5	0.10	43	0.00	0	0.01	0.00	19
SRR1749044	14954	83	0.01	68	0.82	15	0.00	0	0.02	0.00	22
SRR1749045	14954	251	0.02	185	0.74	66	0.00	0	0.02	0.00	3
SRR1749046	14954	35	0.00	8	0.23	27	0.00	0	0.01	0.00	10
SRR1749047	14954	926	0.06	756	0.82	170	0.01	0	0.08	0.00	4
SRR1749048	14954	1771	0.12	1352	0.76	419	0.03	0	0.16	0.00	9
SRR1749049	14954	14	0.00	2	0.14	12	0.00	0	0.03	0.00	44
SRR1749050	14954	2	0.00	2	1.00	0	0.00	0	0.00	0.00	1
SRR1749051	14954	69	0.00	40	0.58	29	0.00	0	0.01	0.00	2
SRR1749052	14954	120	0.01	56	0.47	64	0.00	0	0.02	0.00	13
SRR1749053	14954	174	0.01	141	0.81	33	0.00	0	0.20	0.00	149
SRR1749054	14954	30	0.00	18	0.60	12	0.00	0	0.00	0.00	7
SRR1749055	14954	8404	0.56	3824	0.46	4580	0.31	0	1.10	1.00	22
SRR1749056	14954	114	0.01	102	0.89	12	0.00	0	0.01	0.00	2
SRR1749057	14954	18	0.00	0	0.00	18	0.00	0	0.00	0.00	2
SRR1749058	14954	53	0.00	11	0.21	42	0.00	0	0.01	0.00	4
SRR1749059	14954	2212	0.15	1847	0.83	365	0.02	0	0.24	0.00	30
SRR1749060	14954	463	0.03	349	0.75	114	0.01	0	0.05	0.00	8
SRR1749061	14954	457	0.03	434	0.95	23	0.00	0	0.04	0.00	56
SRR1749062	14954	609	0.04	552	0.91	57	0.00	0	0.05	0.00	12
SRR1749063	14954	2	0.00	2	1.00	0	0.00	0	0.00	0.00	1
SRR1749064	14954	13	0.00	13	1.00	0	0.00	0	0.00	0.00	1
SRR1749065	14954	389	0.03	228	0.59	161	0.01	0	0.14	0.00	45
SRR1749066	14954	188	0.01	176	0.94	12	0.00	0	0.01	0.00	3
SRR1749067	14954	132	0.01	59	0.45	73	0.00	0	0.03	0.00	18
SRR1749068	14954	376	0.03	329	0.88	47	0.00	0	0.04	0.00	18
SRR1749069	14954	124	0.01	75	0.60	49	0.00	0	0.02	0.00	12
SRR1749070	14954	141	0.01	100	0.71	41	0.00	0	0.01	0.00	13
SRR1749071	14954	359	0.02	278	0.77	81	0.01	0	0.03	0.00	6
SRR1749072	14954	71	0.00	31	0.44	40	0.00	0	0.01	0.00	8
SRR1749073	14954	385	0.03	367	0.95	18	0.00	0	0.04	0.00	24
SRR1749074	14954	911	0.06	656	0.72	255	0.02	0	0.10	0.00	17
SRR1749075	14954	556	0.04	494	0.89	62	0.00	0	0.05	0.00	9
SRR1749076	14954	1192	0.08	1099	0.92	93	0.01	0	0.09	0.00	5
SRR1749077	14954	724	0.05	569	0.79	155	0.01	0	0.08	0.00	35
SRR1749078	14954	29	0.00	1	0.03	28	0.00	0	0.01	0.00	19
SRR1749079	14954	484	0.03	362	0.75	122	0.01	0	0.05	0.00	10
SRR1749080	14954	270	0.02	207	0.77	63	0.00	0	0.04	0.00	18
SRR1749081	14954	1892	0.13	1563	0.83	329	0.02	0	0.16	0.00	16
SRR1749082	14954	355	0.02	299	0.84	56	0.00	0	0.03	0.00	6
SRR1749083	14954	14035	0.94	2076	0.15	11959	0.80	0	3.90	3.00	100
SRR1749084	14954	10384	0.69	4881	0.47	5503	0.37	0	1.53	1.00	106
SRR1749085	14954	1226	0.08	1122	0.92	104	0.01	0	0.09	0.00	9
SRR1749086	14954	754	0.05	433	0.57	321	0.02	0	0.11	0.00	36
SRR1749087	14954	1716	0.11	1585	0.92	131	0.01	0	0.13	0.00	6
SRR1749088	14954	76	0.01	20	0.26	56	0.00	0	0.01	0.00	5
SRR1749089	14954	822	0.05	723	0.88	99	0.01	0	0.10	0.00	18
SRR1749090	14954	14839	0.99	366	0.02	14473	0.97	0	9.62	6.00	301
SRR1749091	14954	314	0.02	176	0.56	138	0.01	0	0.03	0.00	3
SRR1749092	14954	120	0.01	88	0.73	32	0.00	0	0.02	0.00	9
SRR1749093	14954	518	0.03	491	0.95	27	0.00	0	0.04	0.00	2
SRR1749094	14954	94	0.01	57	0.61	37	0.00	0	0.01	0.00	3
SRR1749095	14954	1447	0.10	1052	0.73	395	0.03	0	0.17	0.00	28
SRR1749096	14954	14947	1.00	0	0.00	14947	1.00	0	22.19	19.00	783
SRR1749097	14954	1651	0.11	1346	0.82	305	0.02	0	0.14	0.00	10
SRR1749098	14954	44	0.00	29	0.66	15	0.00	0	0.01	0.00	4
SRR1749099	14954	61	0.00	18	0.30	43	0.00	0	0.03	0.00	27
SRR1749100	14954	27	0.00	2	0.07	25	0.00	0	0.00	0.00	10
SRR1749101	14954	312	0.02	188	0.60	124	0.01	0	0.03	0.00	3
SRR1749102	14954	21	0.00	15	0.71	6	0.00	0	0.00	0.00	5
SRR1749103	14954	5733	0.38	3849	0.67	1884	0.13	0	0.64	0.00	49
SRR1749104	14954	0	0.00	0	0.00	0	0.00	0	0.00	0.00	0
SRR1749105	14954	1157	0.08	1021	0.88	136	0.01	0	0.09	0.00	9
SRR1749106	14954	45	0.00	7	0.16	38	0.00	0	0.04	0.00	25
SRR1749107	14954	623	0.04	495	0.79	128	0.01	0	0.05	0.00	3
SRR1749108	14954	860	0.06	838	0.97	22	0.00	0	0.06	0.00	2
SRR1749109	14954	5194	0.35	3212	0.62	1982	0.13	0	0.52	0.00	7
SRR1749110	14954	2233	0.15	1636	0.73	597	0.04	0	0.20	0.00	8
SRR1749111	14954	80	0.01	61	0.76	19	0.00	0	0.01	0.00	3
SRR1749112	14954	670	0.04	494	0.74	176	0.01	0	0.06	0.00	4
SRR1749113	14954	24	0.00	24	1.00	0	0.00	0	0.00	0.00	1
SRR1749114	14954	770	0.05	662	0.86	108	0.01	0	0.07	0.00	13
SRR1749115	14954	250	0.02	202	0.81	48	0.00	0	0.02	0.00	2
SRR1749116	14954	76	0.01	76	1.00	0	0.00	0	0.01	0.00	1
SRR1749117	14954	456	0.03	268	0.59	188	0.01	0	0.05	0.00	46
SRR1749118	14954	39	0.00	27	0.69	12	0.00	0	0.01	0.00	6
SRR1749119	14954	2378	0.16	1944	0.82	434	0.03	0	0.21	0.00	27
SRR1749120	14954	0	0.00	0	0.00	0	0.00	0	0.00	0.00	0
SRR1749121	14954	30	0.00	19	0.63	11	0.00	0	0.00	0.00	3
SRR1749122	14954	88	0.01	59	0.67	29	0.00	0	0.03	0.00	26
SRR1749123	14954	2206	0.15	1512	0.69	694	0.05	0	0.20	0.00	4
SRR1749124	14954	15	0.00	13	0.87	2	0.00	0	0.00	0.00	5
SRR1749125	14954	195	0.01	195	1.00	0	0.00	0	0.01	0.00	1
SRR1749126	14954	3	0.00	0	0.00	3	0.00	0	0.01	0.00	38
SRR1749127	14954	0	0.00	0	0.00	0	0.00	0	0.00	0.00	0
SRR1749128	14954	153	0.01	143	0.93	10	0.00	0	0.01	0.00	3
SRR1749129	14954	53	0.00	29	0.55	24	0.00	0	0.01	0.00	8
SRR1749130	14954	16	0.00	5	0.31	11	0.00	0	0.00	0.00	2
SRR1749131	14954	24	0.00	8	0.33	16	0.00	0	0.00	0.00	6
SRR1749132	14954	10	0.00	2	0.20	8	0.00	0	0.00	0.00	5
SRR1749133	14954	252	0.02	237	0.94	15	0.00	0	0.02	0.00	4
SRR1749134	14954	43	0.00	19	0.44	24	0.00	0	0.01	0.00	11
SRR1749135	14954	539	0.04	422	0.78	117	0.01	0	0.04	0.00	3
SRR1749136	14954	2	0.00	0	0.00	2	0.00	0	0.00	0.00	5
SRR1749137	14954	56	0.00	18	0.32	38	0.00	0	0.02	0.00	13
SRR1749138	14954	102	0.01	76	0.75	26	0.00	0	0.01	0.00	7
SRR1749139	14954	80	0.01	48	0.60	32	0.00	0	0.01	0.00	7
SRR1749140	14954	864	0.06	740	0.86	124	0.01	0	0.07	0.00	2
SRR1749141	14954	106	0.01	55	0.52	51	0.00	0	0.01	0.00	4
SRR1749142	14954	1082	0.07	1040	0.96	42	0.00	0	0.08	0.00	3
SRR1749143	14954	171	0.01	93	0.54	78	0.01	0	0.03	0.00	16
SRR1749144	14954	107	0.01	78	0.73	29	0.00	0	0.02	0.00	24
SRR1749145	14954	23	0.00	19	0.83	4	0.00	0	0.00	0.00	2
SRR1749146	14954	385	0.03	251	0.65	134	0.01	0	0.04	0.00	8
SRR1749147	14954	133	0.01	76	0.57	57	0.00	0	0.03	0.00	29
SRR1749148	14954	983	0.07	764	0.78	219	0.01	0	0.08	0.00	4
SRR1749149	14954	43	0.00	8	0.19	35	0.00	0	0.01	0.00	7
SRR1749150	14954	744	0.05	703	0.94	41	0.00	0	0.07	0.00	17
SRR1749151	14954	47	0.00	28	0.60	19	0.00	0	0.01	0.00	14
SRR1749152	14954	320	0.02	264	0.82	56	0.00	0	0.03	0.00	3
SRR1749153	14954	148	0.01	98	0.66	50	0.00	0	0.08	0.00	64
SRR1749154	14954	15	0.00	10	0.67	5	0.00	0	0.02	0.00	77
SRR1749155	14954	79	0.01	55	0.70	24	0.00	0	0.01	0.00	5
SRR1749156	14954	4343	0.29	3145	0.72	1198	0.08	0	0.41	0.00	7
SRR1749157	14954	425	0.03	358	0.84	67	0.00	0	0.04	0.00	7
SRR1749158	14954	33	0.00	0	0.00	33	0.00	0	0.01	0.00	15
SRR1749159	14954	4999	0.33	3751	0.75	1248	0.08	0	0.46	0.00	19
SRR1749160	14954	1024	0.07	855	0.83	169	0.01	0	0.11	0.00	83
SRR1749161	14954	224	0.01	132	0.59	92	0.01	0	0.07	0.00	61
SRR1749162	14954	620	0.04	371	0.60	249	0.02	0	0.06	0.00	3
SRR1749163	14954	4	0.00	4	1.00	0	0.00	0	0.00	0.00	1
SRR1749164	14954	178	0.01	178	1.00	0	0.00	0	0.01	0.00	1
SRR1749165	14954	64	0.00	39	0.61	25	0.00	0	0.01	0.00	6
SRR1749166	14954	117	0.01	103	0.88	14	0.00	0	0.01	0.00	3
SRR1749167	14954	53	0.00	25	0.47	28	0.00	0	0.01	0.00	22
SRR1749168	14954	20	0.00	8	0.40	12	0.00	0	0.00	0.00	4
SRR1749169	14954	30	0.00	30	1.00	0	0.00	0	0.00	0.00	1
SRR1749170	14954	153	0.01	37	0.24	116	0.01	0	0.02	0.00	6
SRR1749171	14954	85	0.01	42	0.49	43	0.00	0	0.02	0.00	11
SRR1749172	14954	62	0.00	37	0.60	25	0.00	0	0.01	0.00	4
SRR1749173	14954	33	0.00	3	0.09	30	0.00	0	0.01	0.00	6
SRR1749174	14954	53	0.00	30	0.57	23	0.00	0	0.01	0.00	6
SRR1749175	14954	289	0.02	279	0.97	10	0.00	0	0.03	0.00	14
SRR1749176	14954	247	0.02	241	0.98	6	0.00	0	0.02	0.00	2
SRR1749177	14954	10	0.00	10	1.00	0	0.00	0	0.00	0.00	1
SRR1749178	14954	2	0.00	2	1.00	0	0.00	0	0.00	0.00	1
SRR1749179	14954	1493	0.10	1133	0.76	360	0.02	0	0.13	0.00	9
SRR1749180	14954	8	0.00	8	1.00	0	0.00	0	0.00	0.00	1
SRR1749181	14954	55	0.00	45	0.82	10	0.00	0	0.01	0.00	16
SRR1749182	14954	84	0.01	66	0.79	18	0.00	0	0.01	0.00	8
SRR1749183	14954	813	0.05	609	0.75	204	0.01	0	0.08	0.00	9
SRR1749184	14954	15	0.00	1	0.07	14	0.00	0	0.00	0.00	3
SRR1749185	14954	138	0.01	122	0.88	16	0.00	0	0.02	0.00	17
SRR1749186	14954	81	0.01	68	0.84	13	0.00	0	0.01	0.00	7
SRR1749187	14954	515	0.03	414	0.80	101	0.01	0	0.06	0.00	19
SRR1749188	14954	465	0.03	369	0.79	96	0.01	0	0.05	0.00	19
SRR1749189	14954	4086	0.27	2656	0.65	1430	0.10	0	0.41	0.00	12
SRR1749190	14954	623	0.04	575	0.92	48	0.00	0	0.10	0.00	46
SRR1749191	14954	91	0.01	80	0.88	11	0.00	0	0.01	0.00	13
SRR1749192	14954	77	0.01	45	0.58	32	0.00	0	0.02	0.00	18
SRR1749193	14954	171	0.01	114	0.67	57	0.00	0	0.03	0.00	20
SRR1749194	14954	12	0.00	0	0.00	12	0.00	0	0.00	0.00	5
SRR1749195	14954	33	0.00	6	0.18	27	0.00	0	0.01	0.00	6
SRR1749196	14954	45	0.00	26	0.58	19	0.00	0	0.01	0.00	9
SRR1749197	14954	124	0.01	124	1.00	0	0.00	0	0.01	0.00	1
SRR1749198	14954	283	0.02	247	0.87	36	0.00	0	0.02	0.00	5
SRR1749199	14954	11	0.00	11	1.00	0	0.00	0	0.00	0.00	1
SRR1749200	14954	87	0.01	86	0.99	1	0.00	0	0.01	0.00	3
SRR1749201	14954	32	0.00	16	0.50	16	0.00	0	0.01	0.00	12
SRR1749202	14954	445	0.03	382	0.86	63	0.00	0	0.03	0.00	2
SRR1749203	14954	17	0.00	11	0.65	6	0.00	0	0.00	0.00	3
SRR1749204	14954	38	0.00	10	0.26	28	0.00	0	0.02	0.00	15
SRR1749205	14954	329	0.02	256	0.78	73	0.00	0	0.07	0.00	26
SRR1749206	14954	0	0.00	0	0.00	0	0.00	0	0.00	0.00	0
SRR1749207	14954	76	0.01	74	0.97	2	0.00	0	0.01	0.00	4
SRR1749208	14954	77	0.01	68	0.88	9	0.00	0	0.01	0.00	4
SRR1749209	14954	42	0.00	0	0.00	42	0.00	0	0.01	0.00	3
SRR1749210	14954	794	0.05	564	0.71	230	0.02	0	0.07	0.00	6
SRR1749211	14954	5426	0.36	3478	0.64	1948	0.13	0	0.62	0.00	31
SRR1749212	14954	1636	0.11	1303	0.80	333	0.02	0	0.14	0.00	9
SRR1749213	14954	70	0.00	20	0.29	50	0.00	0	0.01	0.00	11
SRR1749214	14954	74	0.00	7	0.09	67	0.00	0	0.02	0.00	22
SRR1749215	14954	168	0.01	85	0.51	83	0.01	0	0.02	0.00	3
SRR1749216	14954	882	0.06	651	0.74	231	0.02	0	0.08	0.00	3
SRR1749217	14954	46	0.00	14	0.30	32	0.00	0	0.01	0.00	4
SRR1749218	14954	12	0.00	0	0.00	12	0.00	0	0.00	0.00	5
SRR1749219	14954	1279	0.09	1017	0.80	262	0.02	0	0.10	0.00	4
SRR1749220	14954	104	0.01	59	0.57	45	0.00	0	0.02	0.00	24
SRR1749221	14954	250	0.02	164	0.66	86	0.01	0	0.04	0.00	22
SRR1749222	14954	1416	0.09	1120	0.79	296	0.02	0	0.12	0.00	7
SRR1749223	14954	1480	0.10	1186	0.80	294	0.02	0	0.12	0.00	4
SRR1749224	14954	77	0.01	19	0.25	58	0.00	0	0.03	0.00	24
SRR1749225	14954	163	0.01	142	0.87	21	0.00	0	0.01	0.00	4
SRR1749226	14954	389	0.03	312	0.80	77	0.01	0	0.03	0.00	5
SRR1749227	14954	109	0.01	50	0.46	59	0.00	0	0.01	0.00	16
SRR1749228	14954	56	0.00	49	0.88	7	0.00	0	0.00	0.00	5
SRR1749229	14954	603	0.04	310	0.51	293	0.02	0	0.08	0.00	23
SRR1749230	14954	93	0.01	76	0.82	17	0.00	0	0.01	0.00	2
SRR1749231	14954	25	0.00	13	0.52	12	0.00	0	0.01	0.00	14
SRR1749232	14954	260	0.02	231	0.89	29	0.00	0	0.03	0.00	13
SRR1749233	14954	40	0.00	14	0.35	26	0.00	0	0.02	0.00	22
SRR1749234	14954	914	0.06	714	0.78	200	0.01	0	0.08	0.00	13
SRR1749235	14954	412	0.03	279	0.68	133	0.01	0	0.05	0.00	15
SRR1749236	14954	2570	0.17	1919	0.75	651	0.04	0	0.23	0.00	22
SRR1749237	14954	66	0.00	36	0.55	30	0.00	0	0.01	0.00	16
SRR1749238	14954	30	0.00	30	1.00	0	0.00	0	0.00	0.00	1
SRR1749239	14954	49	0.00	49	1.00	0	0.00	0	0.00	0.00	1
SRR1749240	14954	305	0.02	249	0.82	56	0.00	0	0.03	0.00	5
SRR1749241	14954	539	0.04	446	0.83	93	0.01	0	0.05	0.00	3
SRR1749242	14954	18	0.00	5	0.28	13	0.00	0	0.01	0.00	20
SRR1749243	14954	85	0.01	53	0.62	32	0.00	0	0.01	0.00	3
SRR1749244	14954	29	0.00	3	0.10	26	0.00	0	0.01	0.00	7
SRR1749245	14954	38	0.00	20	0.53	18	0.00	0	0.00	0.00	3
SRR1749246	14954	169	0.01	126	0.75	43	0.00	0	0.03	0.00	11
SRR1749247	14954	24	0.00	24	1.00	0	0.00	0	0.00	0.00	1
SRR1749248	14954	26	0.00	12	0.46	14	0.00	0	0.00	0.00	3
SRR1749249	14954	75	0.01	44	0.59	31	0.00	0	0.02	0.00	14
SRR1749250	14954	46	0.00	23	0.50	23	0.00	0	0.01	0.00	6
SRR1749251	14954	27	0.00	10	0.37	17	0.00	0	0.01	0.00	12
SRR1749252	14954	107	0.01	74	0.69	33	0.00	0	0.02	0.00	11
SRR1749253	14954	108	0.01	78	0.72	30	0.00	0	0.01	0.00	11
SRR1749254	14954	15	0.00	13	0.87	2	0.00	0	0.00	0.00	2
SRR1749255	14954	23	0.00	16	0.70	7	0.00	0	0.01	0.00	23
SRR1749256	14954	870	0.06	786	0.90	84	0.01	0	0.07	0.00	15
SRR1749257	14954	27	0.00	8	0.30	19	0.00	0	0.01	0.00	7
SRR1749258	14954	14859	0.99	206	0.01	14653	0.98	0	8.66	8.00	147
SRR1749259	14954	201	0.01	189	0.94	12	0.00	0	0.02	0.00	6
SRR1749260	14954	30	0.00	10	0.33	20	0.00	0	0.01	0.00	7
SRR1749261	14954	4	0.00	2	0.50	2	0.00	0	0.00	0.00	10
SRR1749262	14954	158	0.01	48	0.30	110	0.01	0	0.12	0.00	71
SRR1749263	14954	2567	0.17	1978	0.77	589	0.04	0	0.22	0.00	8
SRR1749264	14954	90	0.01	42	0.47	48	0.00	0	0.03	0.00	17
SRR1749265	14954	142	0.01	88	0.62	54	0.00	0	0.02	0.00	21
SRR1749266	14954	38	0.00	20	0.53	18	0.00	0	0.00	0.00	4
SRR1749267	14954	338	0.02	247	0.73	91	0.01	0	0.03	0.00	17
SRR1749268	14954	34	0.00	11	0.32	23	0.00	0	0.04	0.00	39
SRR1749269	14954	41	0.00	15	0.37	26	0.00	0	0.02	0.00	13
SRR1749270	14954	98	0.01	77	0.79	21	0.00	0	0.02	0.00	30
SRR1749271	14954	67	0.00	33	0.49	34	0.00	0	0.02	0.00	16
SRR1749272	14954	478	0.03	420	0.88	58	0.00	0	0.04	0.00	2
SRR1749273	14954	55	0.00	8	0.15	47	0.00	0	0.03	0.00	18
SRR1749274	14954	295	0.02	194	0.66	101	0.01	0	0.04	0.00	21
SRR1749275	14954	783	0.05	600	0.77	183	0.01	0	0.07	0.00	5
SRR1749276	14954	40	0.00	11	0.28	29	0.00	0	0.03	0.00	33
SRR1749277	14954	34	0.00	17	0.50	17	0.00	0	0.00	0.00	5
SRR1749278	14954	26	0.00	6	0.23	20	0.00	0	0.02	0.00	32
SRR1749279	14954	60	0.00	29	0.48	31	0.00	0	0.01	0.00	14
SRR1749280	14954	274	0.02	116	0.42	158	0.01	0	0.07	0.00	59
SRR1749281	14954	157	0.01	122	0.78	35	0.00	0	0.01	0.00	2
SRR1749282	14954	57	0.00	11	0.19	46	0.00	0	0.03	0.00	31
SRR1749283	14954	85	0.01	73	0.86	12	0.00	0	0.02	0.00	23
SRR1749284	14954	4	0.00	2	0.50	2	0.00	0	0.00	0.00	8
SRR1749285	14954	17	0.00	12	0.71	5	0.00	0	0.02	0.00	107
SRR1749286	14954	323	0.02	271	0.84	52	0.00	0	0.03	0.00	2
SRR1749287	14954	75	0.01	73	0.97	2	0.00	0	0.01	0.00	2
SRR1749288	14954	327	0.02	192	0.59	135	0.01	0	0.04	0.00	9
SRR1749289	14954	41	0.00	25	0.61	16	0.00	0	0.04	0.00	51
SRR1749290	14954	73	0.00	7	0.10	66	0.00	0	0.02	0.00	11
SRR1749291	14954	914	0.06	624	0.68	290	0.02	0	0.09	0.00	9
SRR1749292	14954	23	0.00	9	0.39	14	0.00	0	0.00	0.00	3
SRR1749293	14954	1315	0.09	990	0.75	325	0.02	0	0.11	0.00	7
SRR1749294	14954	108	0.01	29	0.27	79	0.01	0	0.03	0.00	12
SRR1749295	14954	93	0.01	28	0.30	65	0.00	0	0.01	0.00	10
SRR1749296	14954	293	0.02	270	0.92	23	0.00	0	0.03	0.00	9
SRR1749297	14954	25	0.00	8	0.32	17	0.00	0	0.01	0.00	6
SRR1749298	14954	50	0.00	11	0.22	39	0.00	0	0.01	0.00	11
SRR1749299	14954	121	0.01	61	0.50	60	0.00	0	0.03	0.00	16
SRR1749300	14954	497	0.03	333	0.67	164	0.01	0	0.05	0.00	7
SRR1749301	14954	21	0.00	18	0.86	3	0.00	0	0.00	0.00	3
SRR1749302	14954	80	0.01	10	0.12	70	0.00	0	0.01	0.00	4
SRR1749303	14954	116	0.01	83	0.72	33	0.00	0	0.01	0.00	5
SRR1749304	14954	137	0.01	103	0.75	34	0.00	0	0.02	0.00	12
SRR1749305	14954	274	0.02	225	0.82	49	0.00	0	0.03	0.00	13
SRR1749306	14954	72	0.00	56	0.78	16	0.00	0	0.01	0.00	2
SRR1749307	14954	20	0.00	4	0.20	16	0.00	0	0.01	0.00	16
SRR1749308	14954	151	0.01	135	0.89	16	0.00	0	0.01	0.00	3
SRR1749309	14954	72	0.00	51	0.71	21	0.00	0	0.01	0.00	6
SRR1749310	14954	79	0.01	49	0.62	30	0.00	0	0.02	0.00	14
SRR1749311	14954	54	0.00	38	0.70	16	0.00	0	0.01	0.00	3
SRR1749312	14954	697	0.05	518	0.74	179	0.01	0	0.06	0.00	7
SRR1749313	14954	48	0.00	40	0.83	8	0.00	0	0.00	0.00	4
SRR1749314	14954	106	0.01	77	0.73	29	0.00	0	0.01	0.00	9
SRR1749315	14954	64	0.00	56	0.88	8	0.00	0	0.01	0.00	10
SRR1749316	14954	32	0.00	19	0.59	13	0.00	0	0.00	0.00	8
SRR1749317	14954	48	0.00	15	0.31	33	0.00	0	0.01	0.00	10
SRR1749318	14954	12	0.00	4	0.33	8	0.00	0	0.00	0.00	2
SRR1749319	14954	154	0.01	108	0.70	46	0.00	0	0.02	0.00	13
SRR1749320	14954	63	0.00	25	0.40	38	0.00	0	0.02	0.00	10
SRR1749321	14954	299	0.02	220	0.74	79	0.01	0	0.03	0.00	9
SRR1749322	14954	26	0.00	13	0.50	13	0.00	0	0.00	0.00	3
SRR1749323	14954	104	0.01	68	0.65	36	0.00	0	0.01	0.00	8
SRR1749324	14954	61	0.00	28	0.46	33	0.00	0	0.05	0.00	73
SRR1749325	14954	60	0.00	34	0.57	26	0.00	0	0.01	0.00	5
SRR1749326	14954	396	0.03	378	0.95	18	0.00	0	0.03	0.00	2
SRR1749327	14954	39	0.00	29	0.74	10	0.00	0	0.01	0.00	5
SRR1749328	14954	48	0.00	30	0.62	18	0.00	0	0.00	0.00	4
SRR1749329	14954	135	0.01	118	0.87	17	0.00	0	0.01	0.00	3
SRR1749330	14954	25	0.00	25	1.00	0	0.00	0	0.00	0.00	1
SRR1749331	14954	114	0.01	59	0.52	55	0.00	0	0.01	0.00	2
SRR1749332	14954	224	0.01	176	0.79	48	0.00	0	0.07	0.00	51
SRR1749333	14954	34	0.00	13	0.38	21	0.00	0	0.00	0.00	4
SRR1749334	14954	9774	0.65	4717	0.48	5057	0.34	0	1.33	1.00	46
SRR1749335	14954	2366	0.16	2252	0.95	114	0.01	0	0.17	0.00	5
SRR1749336	14954	4477	0.30	2871	0.64	1606	0.11	0	0.47	0.00	46
SRR1749337	14954	80	0.01	15	0.19	65	0.00	0	0.01	0.00	3
SRR1749338	14954	321	0.02	272	0.85	49	0.00	0	0.03	0.00	17
SRR1749339	14954	201	0.01	90	0.45	111	0.01	0	0.02	0.00	5
SRR1749340	14954	958	0.06	671	0.70	287	0.02	0	0.09	0.00	5
SRR1749341	14954	12	0.00	12	1.00	0	0.00	0	0.00	0.00	1
SRR1749342	14954	138	0.01	128	0.93	10	0.00	0	0.01	0.00	8
SRR1749343	14954	53	0.00	35	0.66	18	0.00	0	0.01	0.00	4
SRR1749344	14954	77	0.01	68	0.88	9	0.00	0	0.01	0.00	6
SRR1749345	14954	2432	0.16	1664	0.68	768	0.05	0	0.23	0.00	15
SRR1749346	14954	1467	0.10	951	0.65	516	0.03	0	0.14	0.00	10
SRR1749347	14954	97	0.01	81	0.84	16	0.00	0	0.01	0.00	5
SRR1749348	14954	954	0.06	785	0.82	169	0.01	0	0.08	0.00	5
SRR1749349	14954	20	0.00	2	0.10	18	0.00	0	0.00	0.00	3
SRR1749350	14954	23	0.00	0	0.00	23	0.00	0	0.01	0.00	9
SRR1749351	14954	11304	0.76	3079	0.27	8225	0.55	0	2.93	2.00	89
SRR1749352	14954	67	0.00	44	0.66	23	0.00	0	0.01	0.00	4
SRR1749353	14954	756	0.05	693	0.92	63	0.00	0	0.06	0.00	19
SRR1749354	14954	195	0.01	149	0.76	46	0.00	0	0.03	0.00	26
SRR1749355	14954	0	0.00	0	0.00	0	0.00	0	0.00	0.00	0
SRR1749356	14954	644	0.04	551	0.86	93	0.01	0	0.05	0.00	6
SRR1749357	14954	5	0.00	5	1.00	0	0.00	0	0.00	0.00	1
SRR1749358	14954	108	0.01	77	0.71	31	0.00	0	0.02	0.00	15
SRR1749359	14954	27	0.00	1	0.04	26	0.00	0	0.01	0.00	5
SRR1749360	14954	130	0.01	98	0.75	32	0.00	0	0.01	0.00	12
SRR1749361	14954	1433	0.10	1383	0.97	50	0.00	0	0.11	0.00	30
SRR1749362	14954	423	0.03	351	0.83	72	0.00	0	0.04	0.00	13
SRR1749363	14954	263	0.02	183	0.70	80	0.01	0	0.03	0.00	13
SRR1749364	14954	268	0.02	157	0.59	111	0.01	0	0.07	0.00	24
SRR1749365	14954	18	0.00	7	0.39	11	0.00	0	0.00	0.00	2
SRR1749366	14954	2663	0.18	2195	0.82	468	0.03	0	0.24	0.00	22
SRR1749367	14954	95	0.01	50	0.53	45	0.00	0	0.02	0.00	11
SRR1749368	14954	63	0.00	32	0.51	31	0.00	0	0.02	0.00	19
SRR1749369	14954	102	0.01	36	0.35	66	0.00	0	0.01	0.00	3
SRR1749370	14954	173	0.01	93	0.54	80	0.01	0	0.02	0.00	2
SRR1749371	14954	294	0.02	281	0.96	13	0.00	0	0.02	0.00	6
SRR1749372	14954	2052	0.14	1337	0.65	715	0.05	0	0.20	0.00	10
SRR1749373	14954	44	0.00	44	1.00	0	0.00	0	0.00	0.00	1
SRR1749374	14954	2064	0.14	1466	0.71	598	0.04	0	0.33	0.00	102
SRR1749375	14954	1463	0.10	915	0.63	548	0.04	0	0.21	0.00	44
SRR1749376	14954	4	0.00	4	1.00	0	0.00	0	0.00	0.00	1
SRR1749377	14954	1661	0.11	1032	0.62	629	0.04	0	0.18	0.00	62
SRR1749378	14954	17	0.00	17	1.00	0	0.00	0	0.00	0.00	1
SRR1749379	14954	0	0.00	0	0.00	0	0.00	0	0.00	0.00	0
SRR1749380	14954	15	0.00	15	1.00	0	0.00	0	0.00	0.00	1
SRR1749381	14954	2536	0.17	1511	0.60	1025	0.07	0	0.26	0.00	18
SRR1749382	14954	130	0.01	115	0.88	15	0.00	0	0.01	0.00	3
SRR1749383	14954	3	0.00	3	1.00	0	0.00	0	0.00	0.00	1
SRR1749384	14954	67	0.00	45	0.67	22	0.00	0	0.01	0.00	2
SRR1749385	14954	163	0.01	113	0.69	50	0.00	0	0.02	0.00	6
SRR1749386	14954	10713	0.72	4808	0.45	5905	0.39	0	1.43	1.00	19
SRR1749387	14954	499	0.03	381	0.76	118	0.01	0	0.04	0.00	3
SRR1749388	14954	303	0.02	236	0.78	67	0.00	0	0.04	0.00	12
SRR1749389	14954	125	0.01	112	0.90	13	0.00	0	0.01	0.00	12
SRR1749390	14954	488	0.03	367	0.75	121	0.01	0	0.06	0.00	12
SRR1749391	14954	75	0.01	51	0.68	24	0.00	0	0.01	0.00	9
SRR1749392	14954	51	0.00	21	0.41	30	0.00	0	0.02	0.00	16
SRR1749393	14954	120	0.01	69	0.57	51	0.00	0	0.02	0.00	12
SRR1749394	14954	405	0.03	284	0.70	121	0.01	0	0.04	0.00	3
SRR1749395	14954	296	0.02	264	0.89	32	0.00	0	0.05	0.00	32
SRR1749396	14954	1171	0.08	1054	0.90	117	0.01	0	0.10	0.00	16
SRR1749397	14954	1141	0.08	1073	0.94	68	0.00	0	0.08	0.00	3
SRR1749398	14954	191	0.01	170	0.89	21	0.00	0	0.01	0.00	5
SRR1749399	14954	63	0.00	0	0.00	63	0.00	0	0.02	0.00	7
SRR1749400	14954	15	0.00	7	0.47	8	0.00	0	0.00	0.00	5
SRR1749401	14954	58	0.00	54	0.93	4	0.00	0	0.01	0.00	12
SRR1749402	14954	105	0.01	56	0.53	49	0.00	0	0.01	0.00	5
SRR1749403	14954	248	0.02	132	0.53	116	0.01	0	0.03	0.00	41
SRR1749404	14954	192	0.01	130	0.68	62	0.00	0	0.02	0.00	4
SRR1749405	14954	64	0.00	41	0.64	23	0.00	0	0.01	0.00	9
SRR1749406	14954	2021	0.14	1165	0.58	856	0.06	0	0.20	0.00	9
SRR1749407	14954	851	0.06	616	0.72	235	0.02	0	0.07	0.00	6
SRR1749408	14954	64	0.00	54	0.84	10	0.00	0	0.00	0.00	2
SRR1749409	14954	348	0.02	311	0.89	37	0.00	0	0.03	0.00	3
SRR1749410	14954	4	0.00	4	1.00	0	0.00	0	0.00	0.00	1
SRR1749411	14954	30	0.00	20	0.67	10	0.00	0	0.00	0.00	4
SRR1749412	14954	32	0.00	9	0.28	23	0.00	0	0.01	0.00	8
SRR1749413	14954	3	0.00	3	1.00	0	0.00	0	0.00	0.00	1
SRR1749414	14954	23	0.00	9	0.39	14	0.00	0	0.00	0.00	4
SRR1749415	14954	3	0.00	0	0.00	3	0.00	0	0.00	0.00	4
SRR1749416	14954	58	0.00	30	0.52	28	0.00	0	0.01	0.00	3
SRR1749417	14954	120	0.01	68	0.57	52	0.00	0	0.01	0.00	2
SRR1749418	14954	81	0.01	35	0.43	46	0.00	0	0.01	0.00	9
SRR1749419	14954	8	0.00	8	1.00	0	0.00	0	0.00	0.00	1
SRR1749420	14954	44	0.00	19	0.43	25	0.00	0	0.01	0.00	6
SRR1749421	14954	100	0.01	100	1.00	0	0.00	0	0.01	0.00	1
SRR1749422	14954	67	0.00	62	0.93	5	0.00	0	0.00	0.00	2
SRR1749423	14954	2	0.00	1	0.50	1	0.00	0	0.00	0.00	2
SRR1749424	14954	15	0.00	15	1.00	0	0.00	0	0.00	0.00	1
SRR1749425	14954	25	0.00	25	1.00	0	0.00	0	0.00	0.00	1
SRR1749426	14954	25	0.00	8	0.32	17	0.00	0	0.00	0.00	3
SRR1749427	14954	18	0.00	16	0.89	2	0.00	0	0.01	0.00	41
SRR1749428	14954	0	0.00	0	0.00	0	0.00	0	0.00	0.00	0
SRR1749429	14954	0	0.00	0	0.00	0	0.00	0	0.00	0.00	0
SRR1749430	14954	40	0.00	20	0.50	20	0.00	0	0.01	0.00	4
SRR1749431	14954	85	0.01	42	0.49	43	0.00	0	0.01	0.00	3
SRR1749432	14954	8186	0.55	3106	0.38	5080	0.34	0	1.25	1.00	19
SRR1749433	14954	29	0.00	6	0.21	23	0.00	0	0.01	0.00	13
SRR1749434	14954	18	0.00	4	0.22	14	0.00	0	0.00	0.00	2
SRR1749435	14954	8	0.00	6	0.75	2	0.00	0	0.00	0.00	2
SRR1749436	14954	181	0.01	117	0.65	64	0.00	0	0.02	0.00	28
SRR1749437	14954	64	0.00	52	0.81	12	0.00	0	0.01	0.00	4
SRR1749438	14954	11	0.00	1	0.09	10	0.00	0	0.00	0.00	2
SRR1749439	14954	12	0.00	0	0.00	12	0.00	0	0.00	0.00	3
SRR1749440	14954	83	0.01	31	0.37	52	0.00	0	0.02	0.00	9
SRR1749441	14954	11	0.00	11	1.00	0	0.00	0	0.00	0.00	1
SRR1749442	14954	59	0.00	31	0.53	28	0.00	0	0.01	0.00	7
SRR1749443	14954	218	0.01	216	0.99	2	0.00	0	0.01	0.00	2
SRR1749444	14954	10	0.00	10	1.00	0	0.00	0	0.00	0.00	1
SRR1749445	14954	36	0.00	20	0.56	16	0.00	0	0.00	0.00	2
SRR1749446	14954	75	0.01	38	0.51	37	0.00	0	0.02	0.00	20
SRR1749447	14954	2	0.00	0	0.00	2	0.00	0	0.00	0.00	5
SRR1749448	14954	26	0.00	14	0.54	12	0.00	0	0.00	0.00	4
SRR1749449	14954	207	0.01	47	0.23	160	0.01	0	0.03	0.00	4
SRR1749450	14954	67	0.00	52	0.78	15	0.00	0	0.01	0.00	3
SRR1749451	14954	1401	0.09	1045	0.75	356	0.02	0	0.15	0.00	19
SRR1749452	14954	70	0.00	48	0.69	22	0.00	0	0.02	0.00	20
SRR1749453	14954	42	0.00	5	0.12	37	0.00	0	0.01	0.00	4
SRR1749454	14954	2	0.00	2	1.00	0	0.00	0	0.00	0.00	1
SRR1749455	14954	142	0.01	119	0.84	23	0.00	0	0.01	0.00	4
SRR1749456	14954	1529	0.10	1342	0.88	187	0.01	0	0.12	0.00	9
SRR1749457	14954	27	0.00	27	1.00	0	0.00	0	0.00	0.00	1
SRR1749458	14954	12	0.00	7	0.58	5	0.00	0	0.00	0.00	2
SRR1749459	14954	0	0.00	0	0.00	0	0.00	0	0.00	0.00	0
SRR1749460	14954	15	0.00	0	0.00	15	0.00	0	0.00	0.00	5
SRR1749461	14954	25	0.00	12	0.48	13	0.00	0	0.00	0.00	3
SRR1749462	14954	1593	0.11	1213	0.76	380	0.03	0	0.13	0.00	5
SRR1749463	14954	75	0.01	64	0.85	11	0.00	0	0.01	0.00	2
SRR1749464	14954	0	0.00	0	0.00	0	0.00	0	0.00	0.00	0
SRR1749465	14954	13137	0.88	2295	0.17	10842	0.73	0	11.23	3.00	926
SRR1749466	14954	48	0.00	31	0.65	17	0.00	0	0.01	0.00	7
SRR1749467	14954	9	0.00	9	1.00	0	0.00	0	0.00	0.00	1
SRR1749468	14954	34	0.00	15	0.44	19	0.00	0	0.01	0.00	9
SRR1749469	14954	64	0.00	6	0.09	58	0.00	0	0.07	0.00	28
SRR1749470	14954	164	0.01	100	0.61	64	0.00	0	0.02	0.00	4
SRR1749471	14954	58	0.00	57	0.98	1	0.00	0	0.00	0.00	4
SRR1749472	14954	57	0.00	11	0.19	46	0.00	0	0.02	0.00	17
SRR1749473	14954	75	0.01	62	0.83	13	0.00	0	0.01	0.00	2
SRR1749474	14954	148	0.01	118	0.80	30	0.00	0	0.02	0.00	11
SRR1749475	14954	172	0.01	165	0.96	7	0.00	0	0.01	0.00	2
SRR1749476	14954	7	0.00	6	0.86	1	0.00	0	0.00	0.00	3
SRR1749477	14954	200	0.01	194	0.97	6	0.00	0	0.01	0.00	2
SRR1749478	14954	196	0.01	178	0.91	18	0.00	0	0.01	0.00	5
SRR1749479	14954	0	0.00	0	0.00	0	0.00	0	0.00	0.00	0
SRR1749480	14954	18	0.00	5	0.28	13	0.00	0	0.00	0.00	7
SRR1749481	14954	32	0.00	15	0.47	17	0.00	0	0.01	0.00	7
SRR1749482	14954	15	0.00	4	0.27	11	0.00	0	0.00	0.00	4
SRR1749483	14954	4496	0.30	2430	0.54	2066	0.14	0	0.60	0.00	30
SRR1749484	14954	148	0.01	123	0.83	25	0.00	0	0.02	0.00	10
SRR1749485	14954	36	0.00	13	0.36	23	0.00	0	0.00	0.00	3
SRR1749486	14954	11	0.00	11	1.00	0	0.00	0	0.00	0.00	1
SRR1749487	14954	10	0.00	0	0.00	10	0.00	0	0.06	0.00	90
SRR1749488	14954	101	0.01	59	0.58	42	0.00	0	0.01	0.00	6
SRR1749489	14954	60	0.00	46	0.77	14	0.00	0	0.01	0.00	14
SRR1749490	14954	39	0.00	16	0.41	23	0.00	0	0.01	0.00	6
SRR1749491	14954	21	0.00	0	0.00	21	0.00	0	0.00	0.00	2
SRR1749492	14954	32	0.00	32	1.00	0	0.00	0	0.00	0.00	1
SRR1749493	14954	22	0.00	8	0.36	14	0.00	0	0.00	0.00	2
SRR1749494	14954	40	0.00	9	0.23	31	0.00	0	0.01	0.00	6
SRR1749495	14954	0	0.00	0	0.00	0	0.00	0	0.00	0.00	0
SRR1749496	14954	1231	0.08	1181	0.96	50	0.00	0	0.09	0.00	4
SRR1749497	14954	27	0.00	16	0.59	11	0.00	0	0.00	0.00	3
SRR1749498	14954	11	0.00	11	1.00	0	0.00	0	0.00	0.00	1
SRR1749499	14954	70	0.00	70	1.00	0	0.00	0	0.00	0.00	1
SRR1749500	14954	65	0.00	48	0.74	17	0.00	0	0.01	0.00	3
SRR1749501	14954	0	0.00	0	0.00	0	0.00	0	0.00	0.00	0
SRR1749502	14954	23	0.00	23	1.00	0	0.00	0	0.00	0.00	1
SRR1749503	14954	0	0.00	0	0.00	0	0.00	0	0.00	0.00	0
SRR1749504	14954	38	0.00	5	0.13	33	0.00	0	0.01	0.00	6
SRR1749505	14954	17	0.00	2	0.12	15	0.00	0	0.01	0.00	18
SRR1749506	14954	160	0.01	69	0.43	91	0.01	0	0.02	0.00	5
SRR1749507	14954	396	0.03	283	0.71	113	0.01	0	0.03	0.00	4
SRR1749508	14954	28	0.00	20	0.71	8	0.00	0	0.00	0.00	3
SRR1749509	14954	28	0.00	8	0.29	20	0.00	0	0.01	0.00	7
SRR1749510	14954	413	0.03	347	0.84	66	0.00	0	0.03	0.00	4
SRR1749511	14954	5	0.00	5	1.00	0	0.00	0	0.00	0.00	1
SRR1749512	14954	103	0.01	87	0.84	16	0.00	0	0.01	0.00	3
SRR1749513	14954	42	0.00	30	0.71	12	0.00	0	0.01	0.00	6
SRR1749514	14954	35	0.00	35	1.00	0	0.00	0	0.00	0.00	1
SRR1749515	14954	110	0.01	62	0.56	48	0.00	0	0.02	0.00	11
SRR1749516	14954	0	0.00	0	0.00	0	0.00	0	0.00	0.00	0
SRR1749517	14954	6	0.00	0	0.00	6	0.00	0	0.00	0.00	2
SRR1749518	14954	40	0.00	17	0.42	23	0.00	0	0.01	0.00	4
SRR1749519	14954	2	0.00	2	1.00	0	0.00	0	0.00	0.00	1
SRR1749520	14954	605	0.04	539	0.89	66	0.00	0	0.05	0.00	10
SRR1749521	14954	35	0.00	23	0.66	12	0.00	0	0.00	0.00	5
SRR1749522	14954	0	0.00	0	0.00	0	0.00	0	0.00	0.00	0
SRR1749523	14954	863	0.06	617	0.71	246	0.02	0	0.08	0.00	4
SRR1749524	14954	5	0.00	0	0.00	5	0.00	0	0.00	0.00	2
SRR1749525	14954	296	0.02	272	0.92	24	0.00	0	0.02	0.00	6
SRR1749526	14954	3898	0.26	2565	0.66	1333	0.09	0	0.42	0.00	35
SRR1749527	14954	10	0.00	7	0.70	3	0.00	0	0.01	0.00	51
SRR1749528	14954	23	0.00	5	0.22	18	0.00	0	0.00	0.00	3
SRR1749529	14954	22	0.00	11	0.50	11	0.00	0	0.00	0.00	3
SRR1749530	14954	171	0.01	152	0.89	19	0.00	0	0.02	0.00	7
SRR1749531	14954	12	0.00	6	0.50	6	0.00	0	0.00	0.00	3
SRR1749532	14954	3	0.00	3	1.00	0	0.00	0	0.00	0.00	1
SRR1749533	14954	98	0.01	11	0.11	87	0.01	0	0.05	0.00	19
SRR1749534	14954	57	0.00	11	0.19	46	0.00	0	0.02	0.00	16
SRR1749535	14954	0	0.00	0	0.00	0	0.00	0	0.00	0.00	0
SRR1749536	14954	14	0.00	2	0.14	12	0.00	0	0.00	0.00	6
SRR1749537	14954	325	0.02	318	0.98	7	0.00	0	0.02	0.00	2
SRR1749538	14954	25	0.00	25	1.00	0	0.00	0	0.00	0.00	1
SRR1749539	14954	23	0.00	11	0.48	12	0.00	0	0.00	0.00	11
SRR1749540	14954	28	0.00	2	0.07	26	0.00	0	0.00	0.00	4
SRR1749541	14954	0	0.00	0	0.00	0	0.00	0	0.00	0.00	0
SRR1749542	14954	89	0.01	54	0.61	35	0.00	0	0.01	0.00	4
SRR1749543	14954	73	0.00	44	0.60	29	0.00	0	0.03	0.00	18
SRR1749544	14954	17	0.00	0	0.00	17	0.00	0	0.00	0.00	2
SRR1749545	14954	79	0.01	12	0.15	67	0.00	0	0.07	0.00	59
SRR1749546	14954	2	0.00	0	0.00	2	0.00	0	0.00	0.00	3
SRR1749547	14954	234	0.02	229	0.98	5	0.00	0	0.02	0.00	5
SRR1749548	14954	131	0.01	118	0.90	13	0.00	0	0.01	0.00	4
SRR1749549	14954	11065	0.74	2827	0.26	8238	0.55	0	2.76	2.00	68
SRR1749550	14954	23	0.00	5	0.22	18	0.00	0	0.01	0.00	9
SRR1749551	14954	346	0.02	270	0.78	76	0.01	0	0.04	0.00	26
SRR1749552	14954	11	0.00	2	0.18	9	0.00	0	0.01	0.00	12
SRR1749553	14954	501	0.03	400	0.80	101	0.01	0	0.04	0.00	9
SRR1749554	14954	7583	0.51	3888	0.51	3695	0.25	0	1.09	1.00	51
SRR1749555	14954	2273	0.15	1544	0.68	729	0.05	0	0.21	0.00	8
SRR1749556	14954	3465	0.23	2139	0.62	1326	0.09	0	0.38	0.00	47
SRR1749557	14954	0	0.00	0	0.00	0	0.00	0	0.00	0.00	0
SRR1749558	14954	1649	0.11	1203	0.73	446	0.03	0	0.15	0.00	16
SRR1749559	14954	41	0.00	36	0.88	5	0.00	0	0.00	0.00	2
SRR1749560	14954	7282	0.49	3518	0.48	3764	0.25	0	1.25	0.00	64
SRR1749561	14954	20	0.00	7	0.35	13	0.00	0	0.00	0.00	2
SRR1749562	14954	12	0.00	7	0.58	5	0.00	0	0.00	0.00	2
SRR1749563	14954	351	0.02	258	0.74	93	0.01	0	0.03	0.00	4
SRR1749564	14954	26	0.00	8	0.31	18	0.00	0	0.01	0.00	29
SRR1749565	14954	278	0.02	218	0.78	60	0.00	0	0.03	0.00	12
SRR1749566	14954	5149	0.34	3266	0.63	1883	0.13	0	0.59	0.00	23
SRR1749567	14954	13911	0.93	2414	0.17	11497	0.77	0	3.15	3.00	39
SRR1749568	14954	115	0.01	97	0.84	18	0.00	0	0.01	0.00	2
SRR1749569	14954	38	0.00	33	0.87	5	0.00	0	0.00	0.00	2
SRR1749570	14954	2375	0.16	1607	0.68	768	0.05	0	0.28	0.00	60
SRR1749571	14954	131	0.01	47	0.36	84	0.01	0	0.41	0.00	503
SRR1749572	14954	317	0.02	292	0.92	25	0.00	0	0.03	0.00	18
SRR1749573	14954	1271	0.08	884	0.70	387	0.03	0	0.18	0.00	35
SRR1749574	14954	74	0.00	50	0.68	24	0.00	0	0.02	0.00	13
SRR1749575	14954	92	0.01	72	0.78	20	0.00	0	0.01	0.00	11
SRR1749576	14954	32	0.00	20	0.62	12	0.00	0	0.01	0.00	11
SRR1749577	14954	100	0.01	57	0.57	43	0.00	0	0.03	0.00	20
SRR1749578	14954	205	0.01	177	0.86	28	0.00	0	0.02	0.00	14
SRR1749579	14954	306	0.02	103	0.34	203	0.01	0	0.05	0.00	25
SRR1749580	14954	884	0.06	542	0.61	342	0.02	0	0.08	0.00	6
SRR1749581	14954	128	0.01	118	0.92	10	0.00	0	0.01	0.00	6
SRR1749582	14954	198	0.01	123	0.62	75	0.01	0	0.02	0.00	6
SRR1749583	14954	8916	0.60	4266	0.48	4650	0.31	0	1.21	1.00	46
SRR1749584	14954	3017	0.20	2161	0.72	856	0.06	0	0.27	0.00	4
SRR1749585	14954	402	0.03	334	0.83	68	0.00	0	0.08	0.00	46
SRR1749586	14954	10253	0.69	4269	0.42	5984	0.40	0	1.60	1.00	33
SRR1749587	14954	278	0.02	208	0.75	70	0.00	0	0.02	0.00	5
SRR1749588	14954	1985	0.13	1387	0.70	598	0.04	0	0.23	0.00	47
SRR1749589	14954	151	0.01	118	0.78	33	0.00	0	0.02	0.00	13
SRR1749590	14954	357	0.02	260	0.73	97	0.01	0	0.04	0.00	6
SRR1749591	14954	252	0.02	158	0.63	94	0.01	0	0.04	0.00	32
SRR1749592	14954	487	0.03	416	0.85	71	0.00	0	0.04	0.00	5
SRR1749593	14954	15	0.00	0	0.00	15	0.00	0	0.00	0.00	7
SRR1749594	14954	1160	0.08	913	0.79	247	0.02	0	0.11	0.00	23
SRR1749595	14954	77	0.01	42	0.55	35	0.00	0	0.02	0.00	8
SRR1749596	14954	913	0.06	787	0.86	126	0.01	0	0.17	0.00	68
SRR1749597	14954	402	0.03	395	0.98	7	0.00	0	0.04	0.00	89
SRR1749598	14954	44	0.00	13	0.30	31	0.00	0	0.01	0.00	8
SRR1749599	14954	98	0.01	84	0.86	14	0.00	0	0.01	0.00	8
SRR1749600	14954	107	0.01	72	0.67	35	0.00	0	0.02	0.00	16
SRR1749601	14954	460	0.03	423	0.92	37	0.00	0	0.04	0.00	12
SRR1749602	14954	1280	0.09	1026	0.80	254	0.02	0	0.11	0.00	8
SRR1749603	14954	213	0.01	179	0.84	34	0.00	0	0.02	0.00	4
SRR1749604	14954	1048	0.07	846	0.81	202	0.01	0	0.09	0.00	5
SRR1749605	14954	848	0.06	750	0.88	98	0.01	0	0.07	0.00	8
SRR1749606	14954	281	0.02	244	0.87	37	0.00	0	0.03	0.00	8
SRR1749607	14954	61	0.00	59	0.97	2	0.00	0	0.00	0.00	4
SRR1749608	14954	9	0.00	6	0.67	3	0.00	0	0.00	0.00	2
SRR1749609	14954	521	0.03	467	0.90	54	0.00	0	0.04	0.00	3
SRR1749610	14954	267	0.02	230	0.86	37	0.00	0	0.02	0.00	3
SRR1749611	14954	1117	0.07	882	0.79	235	0.02	0	0.10	0.00	7
SRR1749612	14954	566	0.04	487	0.86	79	0.01	0	0.05	0.00	12
SRR1749613	14954	1773	0.12	1503	0.85	270	0.02	0	0.15	0.00	7
SRR1749614	14954	19	0.00	11	0.58	8	0.00	0	0.00	0.00	7
SRR1749615	14954	954	0.06	808	0.85	146	0.01	0	0.08	0.00	6
SRR1749616	14954	5	0.00	0	0.00	5	0.00	0	0.00	0.00	2
SRR1749617	14954	32	0.00	7	0.22	25	0.00	0	0.02	0.00	30
SRR1749618	14954	105	0.01	93	0.89	12	0.00	0	0.01	0.00	3
SRR1749619	14954	249	0.02	228	0.92	21	0.00	0	0.02	0.00	5
SRR1749620	14954	43	0.00	22	0.51	21	0.00	0	0.00	0.00	2
SRR1749621	14954	13	0.00	0	0.00	13	0.00	0	0.00	0.00	7
SRR1749622	14954	39	0.00	39	1.00	0	0.00	0	0.00	0.00	1
SRR1749623	14954	37	0.00	33	0.89	4	0.00	0	0.00	0.00	3
SRR1749624	14954	23	0.00	12	0.52	11	0.00	0	0.00	0.00	3
SRR1749625	14954	3451	0.23	2179	0.63	1272	0.09	0	0.34	0.00	8
SRR1749626	14954	48	0.00	25	0.52	23	0.00	0	0.01	0.00	6
SRR1749627	14954	81	0.01	5	0.06	76	0.01	0	0.02	0.00	32
SRR1749628	14954	62	0.00	35	0.56	27	0.00	0	0.01	0.00	3
SRR1749629	14954	771	0.05	712	0.92	59	0.00	0	0.06	0.00	9
SRR1749630	14954	1422	0.10	1270	0.89	152	0.01	0	0.11	0.00	12
SRR1749631	14954	101	0.01	80	0.79	21	0.00	0	0.02	0.00	19
SRR1749632	14954	49	0.00	37	0.76	12	0.00	0	0.01	0.00	5
SRR1749633	14954	36	0.00	11	0.31	25	0.00	0	0.01	0.00	9
SRR1749634	14954	44	0.00	15	0.34	29	0.00	0	0.02	0.00	27
SRR1749635	14954	94	0.01	57	0.61	37	0.00	0	0.02	0.00	15
SRR1749636	14954	165	0.01	139	0.84	26	0.00	0	0.02	0.00	8
SRR1749637	14954	683	0.05	614	0.90	69	0.00	0	0.07	0.00	16
SRR1749638	14954	16	0.00	14	0.88	2	0.00	0	0.00	0.00	2
SRR1749639	14954	25	0.00	14	0.56	11	0.00	0	0.00	0.00	9
SRR1749640	14954	38	0.00	9	0.24	29	0.00	0	0.01	0.00	5
SRR1749641	14954	72	0.00	58	0.81	14	0.00	0	0.01	0.00	5
SRR1749642	14954	1763	0.12	1586	0.90	177	0.01	0	0.13	0.00	6
SRR1749643	14954	11958	0.80	3586	0.30	8372	0.56	0	2.27	2.00	130
SRR1749644	14954	26	0.00	26	1.00	0	0.00	0	0.00	0.00	1
SRR1749645	14954	304	0.02	281	0.92	23	0.00	0	0.02	0.00	2
SRR1749646	14954	11	0.00	11	1.00	0	0.00	0	0.00	0.00	1
SRR1749647	14954	24	0.00	3	0.12	21	0.00	0	0.01	0.00	13
SRR1749648	14954	2	0.00	2	1.00	0	0.00	0	0.00	0.00	1
SRR1749649	14954	135	0.01	113	0.84	22	0.00	0	0.01	0.00	2
SRR1749650	14954	2	0.00	2	1.00	0	0.00	0	0.00	0.00	1
SRR1749651	14954	53	0.00	17	0.32	36	0.00	0	0.01	0.00	5
SRR1749652	14954	108	0.01	76	0.70	32	0.00	0	0.02	0.00	16
SRR1749653	14954	662	0.04	566	0.85	96	0.01	0	0.05	0.00	4
SRR1749654	14954	17	0.00	0	0.00	17	0.00	0	0.00	0.00	4
SRR1749655	14954	18	0.00	10	0.56	8	0.00	0	0.00	0.00	11
SRR1749656	14954	42	0.00	42	1.00	0	0.00	0	0.00	0.00	1
SRR1749657	14954	10	0.00	7	0.70	3	0.00	0	0.00	0.00	6
SRR1749658	14954	1375	0.09	1247	0.91	128	0.01	0	0.11	0.00	19
SRR1749659	14954	119	0.01	96	0.81	23	0.00	0	0.01	0.00	4
SRR1749660	14954	239	0.02	213	0.89	26	0.00	0	0.02	0.00	2
SRR1749661	14954	49	0.00	11	0.22	38	0.00	0	0.01	0.00	4
SRR1749662	14954	19	0.00	0	0.00	19	0.00	0	0.00	0.00	5
SRR1749663	14954	67	0.00	41	0.61	26	0.00	0	0.01	0.00	11
SRR1749664	14954	214	0.01	137	0.64	77	0.01	0	0.02	0.00	4
SRR1749665	14954	128	0.01	88	0.69	40	0.00	0	0.02	0.00	8
SRR1749666	14954	167	0.01	124	0.74	43	0.00	0	0.01	0.00	2
SRR1749667	14954	12	0.00	0	0.00	12	0.00	0	0.00	0.00	4
SRR1749668	14954	83	0.01	56	0.67	27	0.00	0	0.01	0.00	17
SRR1749669	14954	13	0.00	8	0.62	5	0.00	0	0.00	0.00	2
SRR1749670	14954	11	0.00	0	0.00	11	0.00	0	0.00	0.00	3
SRR1749671	14954	16	0.00	10	0.62	6	0.00	0	0.00	0.00	6
SRR1749672	14954	5	0.00	1	0.20	4	0.00	0	0.00	0.00	5
SRR1749673	14954	1004	0.07	882	0.88	122	0.01	0	0.15	0.00	54
SRR1749674	14954	0	0.00	0	0.00	0	0.00	0	0.00	0.00	0
SRR1749675	14954	447	0.03	381	0.85	66	0.00	0	0.03	0.00	3
SRR1749676	14954	325	0.02	303	0.93	22	0.00	0	0.02	0.00	5
SRR1749677	14954	10	0.00	10	1.00	0	0.00	0	0.00	0.00	1
SRR1749678	14954	139	0.01	127	0.91	12	0.00	0	0.01	0.00	4
SRR1749679	14954	12	0.00	12	1.00	0	0.00	0	0.00	0.00	1
SRR1749680	14954	1006	0.07	878	0.87	128	0.01	0	0.08	0.00	4
SRR1749681	14954	79	0.01	47	0.59	32	0.00	0	0.01	0.00	3
SRR1749682	14954	0	0.00	0	0.00	0	0.00	0	0.00	0.00	0
SRR1749683	14954	71	0.00	59	0.83	12	0.00	0	0.01	0.00	3
SRR1749684	14954	9	0.00	9	1.00	0	0.00	0	0.00	0.00	1
SRR1749685	14954	58	0.00	33	0.57	25	0.00	0	0.01	0.00	6
SRR1749686	14954	346	0.02	286	0.83	60	0.00	0	0.03	0.00	2
SRR1749687	14954	47	0.00	18	0.38	29	0.00	0	0.01	0.00	3
SRR1749688	14954	1112	0.07	856	0.77	256	0.02	0	0.10	0.00	6
SRR1749689	14954	31	0.00	22	0.71	9	0.00	0	0.00	0.00	3
SRR1749690	14954	49	0.00	18	0.37	31	0.00	0	0.01	0.00	4
SRR1749691	14954	8	0.00	8	1.00	0	0.00	0	0.00	0.00	1
SRR1749692	14954	58	0.00	20	0.34	38	0.00	0	0.01	0.00	4
SRR1749693	14954	537	0.04	471	0.88	66	0.00	0	0.05	0.00	7
SRR1749694	14954	371	0.02	268	0.72	103	0.01	0	0.04	0.00	6
SRR1749695	14954	26	0.00	14	0.54	12	0.00	0	0.00	0.00	4
SRR1749696	14954	36	0.00	0	0.00	36	0.00	0	0.01	0.00	5
SRR1749697	14954	1244	0.08	947	0.76	297	0.02	0	0.12	0.00	27
SRR1749698	14954	0	0.00	0	0.00	0	0.00	0	0.00	0.00	0
SRR1749699	14954	10	0.00	10	1.00	0	0.00	0	0.00	0.00	1
SRR1749700	14954	1	0.00	1	1.00	0	0.00	0	0.00	0.00	1
SRR1749701	14954	332	0.02	291	0.88	41	0.00	0	0.02	0.00	2
SRR1749702	14954	51	0.00	18	0.35	33	0.00	0	0.01	0.00	4
SRR1749703	14954	137	0.01	127	0.93	10	0.00	0	0.01	0.00	5
SRR1749704	14954	33	0.00	14	0.42	19	0.00	0	0.01	0.00	16
SRR1749705	14954	13	0.00	11	0.85	2	0.00	0	0.00	0.00	2
SRR1749706	14954	10	0.00	10	1.00	0	0.00	0	0.00	0.00	1
SRR1749707	14954	21	0.00	10	0.48	11	0.00	0	0.00	0.00	5
SRR1749708	14954	100	0.01	63	0.63	37	0.00	0	0.03	0.00	32
SRR1749709	14954	35	0.00	19	0.54	16	0.00	0	0.00	0.00	7
SRR1749710	14954	35	0.00	12	0.34	23	0.00	0	0.00	0.00	3
SRR1749711	14954	2160	0.14	1757	0.81	403	0.03	0	0.18	0.00	45
SRR1749712	14954	49	0.00	34	0.69	15	0.00	0	0.00	0.00	3
SRR1749713	14954	4	0.00	1	0.25	3	0.00	0	0.00	0.00	5
SRR1749714	14954	36	0.00	13	0.36	23	0.00	0	0.00	0.00	4
SRR1749715	14954	85	0.01	78	0.92	7	0.00	0	0.01	0.00	4
SRR1749716	14954	104	0.01	29	0.28	75	0.01	0	0.02	0.00	10
SRR1749717	14954	14	0.00	12	0.86	2	0.00	0	0.00	0.00	2
SRR1749718	14954	48	0.00	18	0.38	30	0.00	0	0.01	0.00	11
SRR1749719	14954	43	0.00	25	0.58	18	0.00	0	0.01	0.00	6
SRR1749720	14954	108	0.01	94	0.87	14	0.00	0	0.02	0.00	16
SRR1749721	14954	72	0.00	69	0.96	3	0.00	0	0.01	0.00	2
SRR1749722	14954	49	0.00	15	0.31	34	0.00	0	0.01	0.00	7
SRR1749723	14954	11	0.00	11	1.00	0	0.00	0	0.00	0.00	1
SRR1749724	14954	448	0.03	353	0.79	95	0.01	0	0.04	0.00	8
SRR1749725	14954	58	0.00	19	0.33	39	0.00	0	0.01	0.00	2
SRR1749726	14954	74	0.00	54	0.73	20	0.00	0	0.01	0.00	2
SRR1749727	14954	68	0.00	52	0.76	16	0.00	0	0.01	0.00	2
SRR1749728	14954	58	0.00	34	0.59	24	0.00	0	0.01	0.00	9
SRR1749729	14954	63	0.00	36	0.57	27	0.00	0	0.01	0.00	5
SRR1749730	14954	29	0.00	24	0.83	5	0.00	0	0.00	0.00	2
SRR1749731	14954	36	0.00	9	0.25	27	0.00	0	0.01	0.00	4
SRR1749732	14954	98	0.01	28	0.29	70	0.00	0	0.03	0.00	17
SRR1749733	14954	28	0.00	16	0.57	12	0.00	0	0.00	0.00	7
SRR1749734	14954	95	0.01	53	0.56	42	0.00	0	0.01	0.00	5
SRR1749735	14954	13	0.00	0	0.00	13	0.00	0	0.00	0.00	3
SRR1749736	14954	631	0.04	504	0.80	127	0.01	0	0.06	0.00	6
SRR1749737	14954	102	0.01	89	0.87	13	0.00	0	0.01	0.00	4
SRR1749738	14954	2	0.00	2	1.00	0	0.00	0	0.00	0.00	1
SRR1749739	14954	82	0.01	12	0.15	70	0.00	0	0.50	0.00	173
SRR1749740	14954	32	0.00	29	0.91	3	0.00	0	0.00	0.00	2
SRR1749741	14954	0	0.00	0	0.00	0	0.00	0	0.00	0.00	0
SRR1749742	14954	15	0.00	7	0.47	8	0.00	0	0.00	0.00	6
SRR1749743	14954	92	0.01	43	0.47	49	0.00	0	0.01	0.00	10
SRR1749744	14954	10	0.00	9	0.90	1	0.00	0	0.00	0.00	2
SRR1749745	14954	48	0.00	12	0.25	36	0.00	0	0.02	0.00	13
SRR1749746	14954	95	0.01	19	0.20	76	0.01	0	0.03	0.00	17
SRR1749747	14954	1783	0.12	1288	0.72	495	0.03	0	0.16	0.00	6
SRR1749748	14954	23	0.00	0	0.00	23	0.00	0	0.01	0.00	5
SRR1749749	14954	49	0.00	18	0.37	31	0.00	0	0.03	0.00	22
SRR1749750	14954	391	0.03	310	0.79	81	0.01	0	0.03	0.00	3
SRR1749751	14954	2	0.00	2	1.00	0	0.00	0	0.00	0.00	1
SRR1749752	14954	7	0.00	3	0.43	4	0.00	0	0.00	0.00	2
SRR1749753	14954	15	0.00	15	1.00	0	0.00	0	0.00	0.00	1
SRR1749754	14954	217	0.01	173	0.80	44	0.00	0	0.02	0.00	3
SRR1749755	14954	249	0.02	207	0.83	42	0.00	0	0.02	0.00	2
SRR1749756	14954	2455	0.16	1865	0.76	590	0.04	0	0.22	0.00	7
SRR1749757	14954	12940	0.87	2888	0.22	10052	0.67	0	4.56	3.00	201
SRR1749758	14954	13	0.00	13	1.00	0	0.00	0	0.00	0.00	1
SRR1749759	14954	2	0.00	2	1.00	0	0.00	0	0.00	0.00	1
SRR1749760	14954	88	0.01	41	0.47	47	0.00	0	0.01	0.00	4
SRR1749761	14954	222	0.01	115	0.52	107	0.01	0	0.03	0.00	6
SRR1749762	14954	895	0.06	765	0.85	130	0.01	0	0.07	0.00	2
SRR1749763	14954	98	0.01	36	0.37	62	0.00	0	0.01	0.00	6
SRR1749764	14954	46	0.00	45	0.98	1	0.00	0	0.00	0.00	2
SRR1749765	14954	15	0.00	2	0.13	13	0.00	0	0.00	0.00	3
SRR1749766	14954	3958	0.26	2786	0.70	1172	0.08	0	0.38	0.00	21
SRR1749767	14954	22	0.00	10	0.45	12	0.00	0	0.01	0.00	8
SRR1749768	14954	37	0.00	15	0.41	22	0.00	0	0.01	0.00	6
SRR1749769	14954	157	0.01	134	0.85	23	0.00	0	0.01	0.00	4
SRR1749770	14954	16	0.00	13	0.81	3	0.00	0	0.00	0.00	4
SRR1749771	14954	95	0.01	92	0.97	3	0.00	0	0.01	0.00	2
SRR1749772	14954	87	0.01	48	0.55	39	0.00	0	0.01	0.00	7
SRR1749773	14954	24	0.00	20	0.83	4	0.00	0	0.00	0.00	3
SRR1749774	14954	37	0.00	33	0.89	4	0.00	0	0.00	0.00	3
SRR1749775	14954	2	0.00	2	1.00	0	0.00	0	0.00	0.00	1
SRR1749776	14954	66	0.00	37	0.56	29	0.00	0	0.02	0.00	15
SRR1749777	14954	69	0.00	59	0.86	10	0.00	0	0.01	0.00	2
SRR1749778	14954	41	0.00	35	0.85	6	0.00	0	0.00	0.00	2
SRR1749779	14954	114	0.01	84	0.74	30	0.00	0	0.02	0.00	13
SRR1749780	14954	1303	0.09	1120	0.86	183	0.01	0	0.12	0.00	13
SRR1749781	14954	27	0.00	17	0.63	10	0.00	0	0.01	0.00	9
SRR1749782	14954	65	0.00	39	0.60	26	0.00	0	0.01	0.00	9
SRR1749783	14954	1040	0.07	835	0.80	205	0.01	0	0.09	0.00	7
SRR1749784	14954	84	0.01	56	0.67	28	0.00	0	0.02	0.00	16
SRR1749785	14954	59	0.00	30	0.51	29	0.00	0	0.02	0.00	12
SRR1749786	14954	43	0.00	37	0.86	6	0.00	0	0.00	0.00	3
SRR1749787	14954	136	0.01	115	0.85	21	0.00	0	0.01	0.00	5
SRR1749788	14954	571	0.04	540	0.95	31	0.00	0	0.05	0.00	10
SRR1749789	14954	32	0.00	11	0.34	21	0.00	0	0.00	0.00	3
SRR1749790	14954	48	0.00	26	0.54	22	0.00	0	0.01	0.00	11
SRR1749791	14954	423	0.03	386	0.91	37	0.00	0	0.03	0.00	2
SRR1749792	14954	73	0.00	55	0.75	18	0.00	0	0.01	0.00	2
SRR1749793	14954	57	0.00	23	0.40	34	0.00	0	0.01	0.00	3
SRR1749794	14954	0	0.00	0	0.00	0	0.00	0	0.00	0.00	0
SRR1749795	14954	95	0.01	47	0.49	48	0.00	0	0.01	0.00	6
SRR1749796	14954	38	0.00	13	0.34	25	0.00	0	0.01	0.00	3
SRR1749797	14954	9	0.00	7	0.78	2	0.00	0	0.00	0.00	4
SRR1749798	14954	14	0.00	14	1.00	0	0.00	0	0.00	0.00	1
SRR1749799	14954	155	0.01	114	0.74	41	0.00	0	0.01	0.00	5
SRR1749800	14954	12	0.00	6	0.50	6	0.00	0	0.00	0.00	3
SRR1749801	14954	197	0.01	180	0.91	17	0.00	0	0.01	0.00	3
SRR1749802	14954	0	0.00	0	0.00	0	0.00	0	0.00	0.00	0
SRR1749803	14954	25	0.00	2	0.08	23	0.00	0	0.00	0.00	4
SRR1749804	14954	3	0.00	0	0.00	3	0.00	0	0.00	0.00	22
SRR1749805	14954	225	0.02	182	0.81	43	0.00	0	0.02	0.00	3
SRR1749806	14954	533	0.04	493	0.92	40	0.00	0	0.04	0.00	6
SRR1749807	14954	11	0.00	1	0.09	10	0.00	0	0.00	0.00	4
SRR1749808	14954	4	0.00	2	0.50	2	0.00	0	0.00	0.00	2
SRR1749809	14954	144	0.01	10	0.07	134	0.01	0	0.11	0.00	33
SRR1749810	14954	12	0.00	0	0.00	12	0.00	0	0.00	0.00	6
SRR1749811	14954	0	0.00	0	0.00	0	0.00	0	0.00	0.00	0
SRR1749812	14954	11	0.00	9	0.82	2	0.00	0	0.00	0.00	4
SRR1749813	14954	0	0.00	0	0.00	0	0.00	0	0.00	0.00	0
SRR1749814	14954	3	0.00	3	1.00	0	0.00	0	0.00	0.00	1
SRR1749815	14954	1855	0.12	1398	0.75	457	0.03	0	0.16	0.00	5
SRR1749816	14954	692	0.05	574	0.83	118	0.01	0	0.05	0.00	2
SRR1749817	14954	290	0.02	253	0.87	37	0.00	0	0.02	0.00	2
SRR1749818	14954	10	0.00	0	0.00	10	0.00	0	0.00	0.00	2
SRR1749819	14954	197	0.01	195	0.99	2	0.00	0	0.01	0.00	2
SRR1749820	14954	15	0.00	10	0.67	5	0.00	0	0.00	0.00	2
SRR1749821	14954	704	0.05	548	0.78	156	0.01	0	0.07	0.00	21
SRR1749822	14954	11	0.00	0	0.00	11	0.00	0	0.00	0.00	4
SRR1749823	14954	40	0.00	9	0.23	31	0.00	0	0.03	0.00	20
SRR1749824	14954	10	0.00	0	0.00	10	0.00	0	0.00	0.00	2
SRR1749825	14954	6	0.00	0	0.00	6	0.00	0	0.00	0.00	4
SRR1749826	14954	11	0.00	11	1.00	0	0.00	0	0.00	0.00	1
SRR1749827	14954	62	0.00	59	0.95	3	0.00	0	0.00	0.00	2
SRR1749828	14954	11	0.00	0	0.00	11	0.00	0	0.01	0.00	8
SRR1749829	14954	8	0.00	6	0.75	2	0.00	0	0.00	0.00	4
SRR1749830	14954	27	0.00	10	0.37	17	0.00	0	0.00	0.00	3
SRR1749831	14954	0	0.00	0	0.00	0	0.00	0	0.00	0.00	0
SRR1749832	14954	179	0.01	58	0.32	121	0.01	0	0.11	0.00	39
SRR1749833	14954	79	0.01	29	0.37	50	0.00	0	0.05	0.00	33
SRR1749834	14954	32	0.00	7	0.22	25	0.00	0	0.01	0.00	12
SRR1749835	14954	57	0.00	12	0.21	45	0.00	0	0.06	0.00	41
SRR1749836	14954	299	0.02	195	0.65	104	0.01	0	0.03	0.00	9
SRR1749837	14954	81	0.01	27	0.33	54	0.00	0	0.02	0.00	11
SRR1749838	14954	2	0.00	0	0.00	2	0.00	0	0.00	0.00	10
SRR1749839	14954	61	0.00	12	0.20	49	0.00	0	0.02	0.00	17
SRR1749840	14954	3268	0.22	1425	0.44	1843	0.12	0	0.38	0.00	9
SRR1749841	14954	25	0.00	9	0.36	16	0.00	0	0.01	0.00	7
SRR1749842	14954	39	0.00	8	0.21	31	0.00	0	0.02	0.00	31
SRR1749843	14954	124	0.01	26	0.21	98	0.01	0	0.03	0.00	29
SRR1749844	14954	14	0.00	12	0.86	2	0.00	0	0.00	0.00	2
SRR1749845	14954	62	0.00	40	0.65	22	0.00	0	0.02	0.00	20
SRR1749846	14954	19	0.00	19	1.00	0	0.00	0	0.00	0.00	1
SRR1749847	14954	20	0.00	15	0.75	5	0.00	0	0.00	0.00	6
SRR1749848	14954	30	0.00	25	0.83	5	0.00	0	0.00	0.00	2
SRR1749849	14954	5	0.00	5	1.00	0	0.00	0	0.00	0.00	1
SRR1749850	14954	14	0.00	11	0.79	3	0.00	0	0.00	0.00	2
SRR1749851	14954	5	0.00	1	0.20	4	0.00	0	0.00	0.00	2
SRR1749852	14954	23	0.00	13	0.57	10	0.00	0	0.01	0.00	12
SRR1749853	14954	41	0.00	30	0.73	11	0.00	0	0.00	0.00	3
SRR1749854	14954	6	0.00	6	1.00	0	0.00	0	0.00	0.00	1
SRR1749855	14954	93	0.01	58	0.62	35	0.00	0	0.01	0.00	2
SRR1749856	14954	38	0.00	19	0.50	19	0.00	0	0.01	0.00	6
SRR1749857	14954	82	0.01	6	0.07	76	0.01	0	0.02	0.00	7
SRR1749858	14954	17	0.00	6	0.35	11	0.00	0	0.00	0.00	4
SRR1749859	14954	8	0.00	8	1.00	0	0.00	0	0.00	0.00	1
SRR1749860	14954	568	0.04	505	0.89	63	0.00	0	0.08	0.00	24
SRR1749861	14954	39	0.00	25	0.64	14	0.00	0	0.01	0.00	11
SRR1749862	14954	26	0.00	20	0.77	6	0.00	0	0.00	0.00	2
SRR1749863	14954	47	0.00	37	0.79	10	0.00	0	0.00	0.00	2
SRR1749864	14954	117	0.01	106	0.91	11	0.00	0	0.01	0.00	2
SRR1749865	14954	2	0.00	2	1.00	0	0.00	0	0.00	0.00	1
SRR1749866	14954	119	0.01	61	0.51	58	0.00	0	0.01	0.00	5
SRR1749867	14954	76	0.01	28	0.37	48	0.00	0	0.06	0.00	72
SRR1749868	14954	8	0.00	6	0.75	2	0.00	0	0.00	0.00	3
SRR1749869	14954	0	0.00	0	0.00	0	0.00	0	0.00	0.00	0
SRR1749870	14954	36	0.00	16	0.44	20	0.00	0	0.01	0.00	8
SRR1749871	14954	99	0.01	88	0.89	11	0.00	0	0.01	0.00	3
SRR1749872	14954	0	0.00	0	0.00	0	0.00	0	0.00	0.00	0
SRR1749873	14954	0	0.00	0	0.00	0	0.00	0	0.00	0.00	0
SRR1749874	14954	42	0.00	23	0.55	19	0.00	0	0.00	0.00	3
SRR1749875	14954	25	0.00	19	0.76	6	0.00	0	0.00	0.00	2
SRR1749876	14954	36	0.00	18	0.50	18	0.00	0	0.00	0.00	2
SRR1749877	14954	60	0.00	24	0.40	36	0.00	0	0.01	0.00	7
SRR1749878	14954	18	0.00	7	0.39	11	0.00	0	0.00	0.00	5
SRR1749879	14954	0	0.00	0	0.00	0	0.00	0	0.00	0.00	0
SRR1749880	14954	24	0.00	0	0.00	24	0.00	0	0.01	0.00	6
SRR1749881	14954	69	0.00	33	0.48	36	0.00	0	0.03	0.00	35
SRR1749882	14954	33	0.00	11	0.33	22	0.00	0	0.00	0.00	2
SRR1749883	14954	1	0.00	1	1.00	0	0.00	0	0.00	0.00	1
SRR1749884	14954	316	0.02	268	0.85	48	0.00	0	0.04	0.00	13
SRR1749885	14954	60	0.00	24	0.40	36	0.00	0	0.01	0.00	25
SRR1749886	14954	2	0.00	0	0.00	2	0.00	0	0.00	0.00	9
SRR1749887	14954	90	0.01	57	0.63	33	0.00	0	0.02	0.00	21
SRR1749888	14954	12	0.00	4	0.33	8	0.00	0	0.00	0.00	5
SRR1749889	14954	15	0.00	3	0.20	12	0.00	0	0.00	0.00	3
SRR1749890	14954	178	0.01	173	0.97	5	0.00	0	0.01	0.00	2
SRR1749891	14954	22	0.00	6	0.27	16	0.00	0	0.01	0.00	8
SRR1749892	14954	106	0.01	41	0.39	65	0.00	0	0.58	0.00	232
SRR1749893	14954	82	0.01	71	0.87	11	0.00	0	0.01	0.00	2
SRR1749894	14954	5536	0.37	4137	0.75	1399	0.09	0	0.51	0.00	21
SRR1749895	14954	12	0.00	0	0.00	12	0.00	0	0.00	0.00	7
SRR1749896	14954	359	0.02	323	0.90	36	0.00	0	0.03	0.00	3
SRR1749897	14954	31	0.00	26	0.84	5	0.00	0	0.00	0.00	2
SRR1749898	14954	24	0.00	0	0.00	24	0.00	0	0.01	0.00	9
SRR1749899	14954	70	0.00	33	0.47	37	0.00	0	0.01	0.00	4
SRR1749900	14954	0	0.00	0	0.00	0	0.00	0	0.00	0.00	0
SRR1749901	14954	595	0.04	441	0.74	154	0.01	0	0.05	0.00	5
SRR1749902	14954	43	0.00	25	0.58	18	0.00	0	0.01	0.00	4
SRR1749903	14954	44	0.00	0	0.00	44	0.00	0	0.02	0.00	14
SRR1749904	14954	1461	0.10	1113	0.76	348	0.02	0	0.13	0.00	9
SRR1749905	14954	2564	0.17	1968	0.77	596	0.04	0	0.22	0.00	5
SRR1749906	14954	56	0.00	2	0.04	54	0.00	0	0.03	0.00	31
SRR1749907	14954	447	0.03	258	0.58	189	0.01	0	0.05	0.00	3
SRR1749908	14954	22	0.00	8	0.36	14	0.00	0	0.01	0.00	15
SRR1749909	14954	13272	0.89	2690	0.20	10582	0.71	0	2.99	3.00	86
SRR1749910	14954	0	0.00	0	0.00	0	0.00	0	0.00	0.00	0
SRR1749911	14954	0	0.00	0	0.00	0	0.00	0	0.00	0.00	0
SRR1749912	14954	310	0.02	248	0.80	62	0.00	0	0.03	0.00	7
SRR1749913	14954	84	0.01	46	0.55	38	0.00	0	0.05	0.00	27
SRR1749914	14954	88	0.01	67	0.76	21	0.00	0	0.01	0.00	5
SRR1749915	14954	8	0.00	0	0.00	8	0.00	0	0.00	0.00	8
SRR1749916	14954	26	0.00	0	0.00	26	0.00	0	0.02	0.00	19
SRR1749917	14954	29	0.00	13	0.45	16	0.00	0	0.06	0.00	78
SRR1749918	14954	30	0.00	19	0.63	11	0.00	0	0.00	0.00	4
SRR1749919	14954	75	0.01	25	0.33	50	0.00	0	0.01	0.00	4
SRR1749920	14954	64	0.00	41	0.64	23	0.00	0	0.03	0.00	25
SRR1749921	14954	188	0.01	170	0.90	18	0.00	0	0.02	0.00	8
SRR1749922	14954	51	0.00	43	0.84	8	0.00	0	0.01	0.00	7
SRR1749923	14954	152	0.01	84	0.55	68	0.00	0	0.09	0.00	66
SRR1749924	14954	3	0.00	3	1.00	0	0.00	0	0.00	0.00	1
SRR1749925	14954	52	0.00	23	0.44	29	0.00	0	0.02	0.00	20
SRR1749926	14954	38	0.00	8	0.21	30	0.00	0	0.03	0.00	28
SRR1749927	14954	43	0.00	17	0.40	26	0.00	0	0.01	0.00	6
SRR1749928	14954	58	0.00	43	0.74	15	0.00	0	0.01	0.00	9
SRR1749929	14954	1751	0.12	1466	0.84	285	0.02	0	0.14	0.00	4
SRR1749930	14954	60	0.00	21	0.35	39	0.00	0	0.01	0.00	6
SRR1749931	14954	10	0.00	10	1.00	0	0.00	0	0.00	0.00	1
SRR1749932	14954	0	0.00	0	0.00	0	0.00	0	0.00	0.00	0
SRR1749933	14954	223	0.01	193	0.87	30	0.00	0	0.03	0.00	15
SRR1749934	14954	3	0.00	3	1.00	0	0.00	0	0.00	0.00	1
SRR1749935	14954	32	0.00	5	0.16	27	0.00	0	0.01	0.00	7
SRR1749936	14954	45	0.00	30	0.67	15	0.00	0	0.00	0.00	3
SRR1749937	14954	4074	0.27	2964	0.73	1110	0.07	0	0.42	0.00	24
SRR1749938	14954	1566	0.10	1410	0.90	156	0.01	0	0.13	0.00	20
SRR1749939	14954	3	0.00	3	1.00	0	0.00	0	0.00	0.00	1
SRR1749940	14954	60	0.00	51	0.85	9	0.00	0	0.00	0.00	3
SRR1749941	14954	95	0.01	95	1.00	0	0.00	0	0.01	0.00	1
SRR1749942	14954	11	0.00	4	0.36	7	0.00	0	0.00	0.00	2
SRR1749943	14954	65	0.00	15	0.23	50	0.00	0	0.04	0.00	26
SRR1749944	14954	120	0.01	113	0.94	7	0.00	0	0.01	0.00	2
SRR1749945	14954	460	0.03	232	0.50	228	0.02	0	0.05	0.00	5
SRR1749946	14954	27	0.00	17	0.63	10	0.00	0	0.00	0.00	2
SRR1749947	14954	9	0.00	8	0.89	1	0.00	0	0.00	0.00	2
SRR1749948	14954	13	0.00	3	0.23	10	0.00	0	0.03	0.00	44
SRR1749949	14954	152	0.01	134	0.88	18	0.00	0	0.01	0.00	6
SRR1749950	14954	117	0.01	116	0.99	1	0.00	0	0.01	0.00	2
SRR1749951	14954	0	0.00	0	0.00	0	0.00	0	0.00	0.00	0
SRR1749952	14954	106	0.01	54	0.51	52	0.00	0	0.02	0.00	6
SRR1749953	14954	60	0.00	39	0.65	21	0.00	0	0.01	0.00	8
SRR1749954	14954	3	0.00	0	0.00	3	0.00	0	0.00	0.00	3
SRR1749955	14954	334	0.02	248	0.74	86	0.01	0	0.11	0.00	56
SRR1749956	14954	76	0.01	37	0.49	39	0.00	0	0.01	0.00	11
SRR1749957	14954	166	0.01	149	0.90	17	0.00	0	0.01	0.00	6
SRR1749958	14954	4	0.00	2	0.50	2	0.00	0	0.00	0.00	2
SRR1749959	14954	60	0.00	49	0.82	11	0.00	0	0.01	0.00	6
SRR1749960	14954	90	0.01	78	0.87	12	0.00	0	0.01	0.00	3
SRR1749961	14954	11706	0.78	5103	0.44	6603	0.44	0	1.58	1.00	23
SRR1749962	14954	34	0.00	3	0.09	31	0.00	0	0.01	0.00	6
SRR1749963	14954	158	0.01	128	0.81	30	0.00	0	0.01	0.00	4
SRR1749964	14954	52	0.00	27	0.52	25	0.00	0	0.01	0.00	2
SRR1749965	14954	5	0.00	2	0.40	3	0.00	0	0.00	0.00	2
SRR1749966	14954	3438	0.23	2276	0.66	1162	0.08	0	0.39	0.00	32
SRR1749967	14954	0	0.00	0	0.00	0	0.00	0	0.00	0.00	0
SRR1749968	14954	29	0.00	6	0.21	23	0.00	0	0.00	0.00	2
SRR1749969	14954	75	0.01	4	0.05	71	0.00	0	0.03	0.00	13
SRR1749970	14954	317	0.02	248	0.78	69	0.00	0	0.03	0.00	7
SRR1749971	14954	1762	0.12	956	0.54	806	0.05	0	0.20	0.00	47
SRR1749972	14954	37	0.00	12	0.32	25	0.00	0	0.01	0.00	17
SRR1749973	14954	41	0.00	38	0.93	3	0.00	0	0.00	0.00	2
SRR1749974	14954	195	0.01	113	0.58	82	0.01	0	0.06	0.00	55
SRR1749975	14954	45	0.00	26	0.58	19	0.00	0	0.01	0.00	8
SRR1749976	14954	67	0.00	13	0.19	54	0.00	0	0.02	0.00	7
SRR1749977	14954	6969	0.47	2663	0.38	4306	0.29	0	0.98	0.00	11
SRR1749978	14954	88	0.01	3	0.03	85	0.01	0	0.10	0.00	94
SRR1749979	14954	46	0.00	21	0.46	25	0.00	0	0.01	0.00	8
SRR1749980	14954	47	0.00	39	0.83	8	0.00	0	0.01	0.00	9
SRR1749981	14954	14376	0.96	1700	0.12	12676	0.85	0	3.69	3.00	53
SRR1749982	14954	181	0.01	160	0.88	21	0.00	0	0.02	0.00	10
SRR1749983	14954	2588	0.17	2236	0.86	352	0.02	0	0.22	0.00	17
SRR1749984	14954	63	0.00	17	0.27	46	0.00	0	0.01	0.00	5
SRR1749985	14954	288	0.02	251	0.87	37	0.00	0	0.03	0.00	8
SRR1749986	14954	2100	0.14	1408	0.67	692	0.05	0	0.20	0.00	21
SRR1749987	14954	58	0.00	17	0.29	41	0.00	0	0.01	0.00	5
SRR1749988	14954	8	0.00	4	0.50	4	0.00	0	0.00	0.00	2
SRR1749989	14954	63	0.00	39	0.62	24	0.00	0	0.01	0.00	7
SRR1749990	14954	44	0.00	34	0.77	10	0.00	0	0.01	0.00	5
SRR1749991	14954	175	0.01	156	0.89	19	0.00	0	0.01	0.00	2
SRR1749992	14954	932	0.06	635	0.68	297	0.02	0	0.11	0.00	20
SRR1749993	14954	2029	0.14	1472	0.73	557	0.04	0	0.21	0.00	16
SRR1749994	14954	822	0.05	598	0.73	224	0.01	0	0.08	0.00	15
SRR1749995	14954	1556	0.10	1044	0.67	512	0.03	0	0.14	0.00	3
SRR1749996	14954	299	0.02	267	0.89	32	0.00	0	0.02	0.00	2
SRR1749997	14954	25	0.00	25	1.00	0	0.00	0	0.00	0.00	1
SRR1749998	14954	12	0.00	1	0.08	11	0.00	0	0.00	0.00	5
SRR1749999	14954	1523	0.10	1147	0.75	376	0.03	0	0.13	0.00	8
SRR1750000	14954	133	0.01	87	0.65	46	0.00	0	0.01	0.00	3
SRR1750001	14954	12	0.00	0	0.00	12	0.00	0	0.01	0.00	10
SRR1750002	14954	35	0.00	17	0.49	18	0.00	0	0.01	0.00	10
SRR1750003	14954	88	0.01	88	1.00	0	0.00	0	0.01	0.00	1
SRR1750004	14954	8	0.00	0	0.00	8	0.00	0	0.00	0.00	6
SRR1750005	14954	152	0.01	121	0.80	31	0.00	0	0.01	0.00	2
SRR1750006	14954	84	0.01	55	0.65	29	0.00	0	0.01	0.00	2
SRR1750007	14954	19	0.00	19	1.00	0	0.00	0	0.00	0.00	1
SRR1750008	14954	14	0.00	12	0.86	2	0.00	0	0.00	0.00	4
SRR1750009	14954	3601	0.24	2395	0.67	1206	0.08	0	0.34	0.00	6
SRR1750010	14954	12	0.00	12	1.00	0	0.00	0	0.00	0.00	1
SRR1750011	14954	79	0.01	58	0.73	21	0.00	0	0.01	0.00	11
SRR1750012	14954	547	0.04	413	0.76	134	0.01	0	0.05	0.00	8
SRR1750013	14954	0	0.00	0	0.00	0	0.00	0	0.00	0.00	0
SRR1750014	14954	19	0.00	2	0.11	17	0.00	0	0.01	0.00	7
SRR1750015	14954	8	0.00	0	0.00	8	0.00	0	0.00	0.00	7
SRR1750016	14954	27	0.00	19	0.70	8	0.00	0	0.00	0.00	5
SRR1750017	14954	913	0.06	589	0.65	324	0.02	0	0.10	0.00	21
SRR1750018	14954	1	0.00	1	1.00	0	0.00	0	0.00	0.00	1
SRR1750019	14954	61	0.00	16	0.26	45	0.00	0	0.02	0.00	16
SRR1750020	14954	3003	0.20	1990	0.66	1013	0.07	0	0.28	0.00	4
SRR1750021	14954	476	0.03	404	0.85	72	0.00	0	0.04	0.00	3
SRR1750022	14954	19	0.00	16	0.84	3	0.00	0	0.00	0.00	4
SRR1750023	14954	27	0.00	25	0.93	2	0.00	0	0.00	0.00	2
SRR1750024	14954	35	0.00	5	0.14	30	0.00	0	0.01	0.00	3
SRR1750025	14954	0	0.00	0	0.00	0	0.00	0	0.00	0.00	0
SRR1750026	14954	64	0.00	26	0.41	38	0.00	0	0.01	0.00	5
SRR1750027	14954	0	0.00	0	0.00	0	0.00	0	0.00	0.00	0
SRR1750028	14954	306	0.02	214	0.70	92	0.01	0	0.03	0.00	14
SRR1750029	14954	34	0.00	0	0.00	34	0.00	0	0.01	0.00	8
SRR1750030	14954	93	0.01	67	0.72	26	0.00	0	0.02	0.00	24
SRR1750031	14954	82	0.01	45	0.55	37	0.00	0	0.03	0.00	16
SRR1750032	14954	208	0.01	163	0.78	45	0.00	0	0.02	0.00	7
SRR1750033	14954	376	0.03	104	0.28	272	0.02	0	0.11	0.00	28
SRR1750034	14954	28	0.00	26	0.93	2	0.00	0	0.00	0.00	2
SRR1750035	14954	349	0.02	190	0.54	159	0.01	0	0.04	0.00	73
SRR1750036	14954	2468	0.17	1147	0.46	1321	0.09	0	0.30	0.00	21
SRR1750037	14954	753	0.05	387	0.51	366	0.02	0	0.12	0.00	38
SRR1750038	14954	1231	0.08	568	0.46	663	0.04	0	0.17	0.00	51
SRR1750039	14954	260	0.02	121	0.47	139	0.01	0	0.06	0.00	28
SRR1750040	14954	3791	0.25	2040	0.54	1751	0.12	0	0.43	0.00	51
SRR1750041	14954	894	0.06	411	0.46	483	0.03	0	0.10	0.00	6
SRR1750042	14954	4005	0.27	1540	0.38	2465	0.16	0	0.59	0.00	27
SRR1750043	14954	184	0.01	131	0.71	53	0.00	0	0.02	0.00	6
SRR1750044	14954	3	0.00	3	1.00	0	0.00	0	0.00	0.00	1
SRR1750045	14954	35	0.00	7	0.20	28	0.00	0	0.00	0.00	3
SRR1750046	14954	48	0.00	48	1.00	0	0.00	0	0.00	0.00	1
SRR1750047	14954	59	0.00	55	0.93	4	0.00	0	0.00	0.00	2
SRR1750048	14954	46	0.00	3	0.07	43	0.00	0	0.04	0.00	28
SRR1750049	14954	21	0.00	18	0.86	3	0.00	0	0.00	0.00	2
SRR1750050	14954	12	0.00	12	1.00	0	0.00	0	0.00	0.00	1
SRR1750051	14954	3631	0.24	2788	0.77	843	0.06	0	0.30	0.00	7
SRR1750052	14954	320	0.02	232	0.72	88	0.01	0	0.04	0.00	16
SRR1750053	14954	11	0.00	6	0.55	5	0.00	0	0.00	0.00	3
SRR1750054	14954	39	0.00	10	0.26	29	0.00	0	0.05	0.00	27
SRR1750055	14954	108	0.01	105	0.97	3	0.00	0	0.01	0.00	5
SRR1750056	14954	19	0.00	0	0.00	19	0.00	0	0.00	0.00	2
SRR1750057	14954	23	0.00	12	0.52	11	0.00	0	0.01	0.00	8
SRR1750058	14954	6	0.00	0	0.00	6	0.00	0	0.00	0.00	6
SRR1750059	14954	6	0.00	0	0.00	6	0.00	0	0.00	0.00	4
SRR1750060	14954	82	0.01	27	0.33	55	0.00	0	0.02	0.00	11
SRR1750061	14954	70	0.00	9	0.13	61	0.00	0	0.01	0.00	6
SRR1750062	14954	0	0.00	0	0.00	0	0.00	0	0.00	0.00	0
SRR1750063	14954	2908	0.19	981	0.34	1927	0.13	0	0.36	0.00	6
SRR1750064	14954	69	0.00	67	0.97	2	0.00	0	0.00	0.00	2
SRR1750065	14954	339	0.02	270	0.80	69	0.00	0	0.03	0.00	2
SRR1750066	14954	49	0.00	45	0.92	4	0.00	0	0.00	0.00	2
SRR1750067	14954	480	0.03	170	0.35	310	0.02	0	0.06	0.00	3
SRR1750068	14954	43	0.00	1	0.02	42	0.00	0	0.01	0.00	5
SRR1750069	14954	4085	0.27	1002	0.25	3083	0.21	0	0.53	0.00	11
SRR1750070	14954	46	0.00	30	0.65	16	0.00	0	0.00	0.00	6
SRR1750071	14954	0	0.00	0	0.00	0	0.00	0	0.00	0.00	0
SRR1750072	14954	76	0.01	18	0.24	58	0.00	0	0.01	0.00	7
SRR1750073	14954	0	0.00	0	0.00	0	0.00	0	0.00	0.00	0
SRR1750074	14954	10709	0.72	1949	0.18	8760	0.59	0	2.04	2.00	21
SRR1750075	14954	37	0.00	30	0.81	7	0.00	0	0.00	0.00	2
SRR1750076	14954	1212	0.08	873	0.72	339	0.02	0	0.11	0.00	7
SRR1750077	14954	25	0.00	25	1.00	0	0.00	0	0.00	0.00	1
SRR1750078	14954	41	0.00	31	0.76	10	0.00	0	0.00	0.00	7
SRR1750079	14954	37	0.00	17	0.46	20	0.00	0	0.01	0.00	14
SRR1750080	14954	14928	1.00	92	0.01	14836	0.99	0	15.93	14.00	260
SRR1750081	14954	14930	1.00	88	0.01	14842	0.99	0	25.16	24.00	518
SRR1750082	14954	4	0.00	2	0.50	2	0.00	0	0.00	0.00	2
SRR1750083	14954	0	0.00	0	0.00	0	0.00	0	0.00	0.00	0
SRR1750084	14954	2	0.00	2	1.00	0	0.00	0	0.00	0.00	1
SRR1750085	14954	364	0.02	237	0.65	127	0.01	0	0.03	0.00	2
SRR1750086	14954	2	0.00	0	0.00	2	0.00	0	0.05	0.00	346
SRR1750087	14954	25	0.00	21	0.84	4	0.00	0	0.05	0.00	354
SRR1750088	14954	48	0.00	17	0.35	31	0.00	0	0.04	0.00	49
SRR1750089	14954	28	0.00	5	0.18	23	0.00	0	0.00	0.00	2
SRR1750090	14954	22	0.00	0	0.00	22	0.00	0	0.00	0.00	3
SRR1750091	14954	25	0.00	2	0.08	23	0.00	0	0.01	0.00	7
SRR1750092	14954	21	0.00	21	1.00	0	0.00	0	0.00	0.00	1
SRR1750093	14954	250	0.02	132	0.53	118	0.01	0	0.12	0.00	122
SRR1750094	14954	45	0.00	5	0.11	40	0.00	0	0.02	0.00	14
SRR1750095	14954	97	0.01	35	0.36	62	0.00	0	0.02	0.00	10
SRR1750096	14954	20	0.00	3	0.15	17	0.00	0	0.01	0.00	7
SRR1750097	14954	96	0.01	70	0.73	26	0.00	0	0.02	0.00	16
SRR1750098	14954	50	0.00	30	0.60	20	0.00	0	0.02	0.00	17
SRR1750099	14954	34	0.00	18	0.53	16	0.00	0	0.01	0.00	14
SRR1750100	14954	55	0.00	20	0.36	35	0.00	0	0.02	0.00	15
SRR1750101	14954	82	0.01	28	0.34	54	0.00	0	0.02	0.00	16
SRR1750102	14954	40	0.00	14	0.35	26	0.00	0	0.02	0.00	33
SRR1750103	14954	41	0.00	21	0.51	20	0.00	0	0.01	0.00	13
SRR1750104	14954	64	0.00	20	0.31	44	0.00	0	0.02	0.00	11
SRR1750105	14954	55	0.00	28	0.51	27	0.00	0	0.01	0.00	14
SRR1750106	14954	67	0.00	35	0.52	32	0.00	0	0.01	0.00	8
