Sample	Total Queried Kmers	Hits	Percent	Singleton Hits	Singleton Percent	Hits (excluding singletons)	Percent(excluding singletons)	Min Count	Mean Count	Median Count	Max Count
NC_009674	14954	14954	1.00	0	0.00	14954	1.00	3	14.50	14.00	112
NC_012659	14954	14954	1.00	0	0.00	14954	1.00	3	14.80	14.00	145
NC_014335	14954	14954	1.00	0	0.00	14954	1.00	3	14.83	14.00	158
NC_005957	14954	14954	1.00	3	0.00	14951	1.00	1	14.84	14.00	216
NC_007530	14954	14954	1.00	0	0.00	14954	1.00	4	14.60	14.00	166
NC_011969	14954	14954	1.00	0	0.00	14954	1.00	3	14.53	14.00	211
NC_003997	14954	14954	1.00	1	0.00	14953	1.00	1	14.65	14.00	149
NC_012472	14954	14954	1.00	0	0.00	14954	1.00	2	14.80	14.00	220
NC_010184	14954	14954	1.00	0	0.00	14954	1.00	2	14.94	14.00	381
NC_012581	14954	14954	1.00	0	0.00	14954	1.00	2	14.75	14.00	142
NC_008600	14954	14954	1.00	0	0.00	14954	1.00	2	14.97	14.00	177
NC_003909	14954	14954	1.00	0	0.00	14954	1.00	3	14.76	14.00	401
NC_011658	14954	14954	1.00	0	0.00	14954	1.00	4	14.97	14.00	295
NC_011773	14954	14954	1.00	0	0.00	14954	1.00	2	14.71	14.00	154
NC_006274	14954	14954	1.00	0	0.00	14954	1.00	4	14.75	14.00	164
NC_004722	14954	14954	1.00	0	0.00	14954	1.00	2	14.62	14.00	190
NC_014171	14954	14954	1.00	0	0.00	14954	1.00	2	15.01	14.00	203
NC_005945	14954	14954	1.00	0	0.00	14954	1.00	4	14.86	14.00	158
NC_011772	14954	14954	1.00	0	0.00	14954	1.00	2	14.79	14.00	221
NC_011725	14954	14954	1.00	0	0.00	14954	1.00	4	14.89	14.00	209
NC_016771	14954	14954	1.00	0	0.00	14954	1.00	2	14.62	14.00	271
NC_016779	14954	14954	1.00	0	0.00	14954	1.00	2	14.84	14.00	173
NC_018491	14954	14954	1.00	0	0.00	14954	1.00	3	14.84	14.00	281
NC_017729	14954	14954	1.00	0	0.00	14954	1.00	2	14.41	14.00	165
NC_022781	14954	14954	1.00	0	0.00	14954	1.00	2	15.02	14.00	228
NC_017200	14954	14954	1.00	0	0.00	14954	1.00	2	15.01	14.00	256
NC_018693	14954	14954	1.00	0	0.00	14954	1.00	2	14.60	14.00	302
NC_017208	14954	14954	1.00	0	0.00	14954	1.00	3	14.87	14.00	212
NC_018508	14954	14954	1.00	0	0.00	14954	1.00	2	14.80	14.00	189
NC_020376	14954	14954	1.00	0	0.00	14954	1.00	2	14.50	14.00	198
NC_018877	14954	14954	1.00	0	0.00	14954	1.00	2	14.94	14.00	223
NZ_CP001970	14954	14954	1.00	0	0.00	14954	1.00	3	14.79	14.00	148
NC_020238	14954	14954	1.00	0	0.00	14954	1.00	3	14.83	14.00	182
NZ_CP001974	14954	14954	1.00	0	0.00	14954	1.00	3	14.73	14.00	150
NC_018500	14954	14954	1.00	10	0.00	14944	1.00	1	14.75	14.00	214
NZ_CP004858	14954	14954	1.00	0	0.00	14954	1.00	3	14.87	14.00	182
NZ_CP006742	14954	14954	1.00	0	0.00	14954	1.00	4	14.56	14.00	129
NZ_CP004870	14954	14954	1.00	0	0.00	14954	1.00	4	14.55	14.00	187
NZ_AP014864	14954	14954	1.00	0	0.00	14954	1.00	3	15.08	14.00	172
NC_022873	14954	14954	1.00	0	0.00	14954	1.00	3	14.37	14.00	192
NZ_CP007607	14954	14954	1.00	0	0.00	14954	1.00	3	15.13	14.00	195
NZ_CP007618	14954	14954	1.00	0	0.00	14954	1.00	4	14.58	14.00	159
NZ_CP007626	14954	14954	1.00	0	0.00	14954	1.00	3	14.48	14.00	292
NZ_CP007666	14954	14954	1.00	0	0.00	14954	1.00	2	14.66	14.00	181
NZ_CP008846	14954	14954	1.00	0	0.00	14954	1.00	3	14.86	14.00	143
NZ_CP009315	14954	14954	1.00	0	0.00	14954	1.00	3	14.72	14.00	156
NZ_CP009300	14954	14954	1.00	0	0.00	14954	1.00	3	14.83	14.00	187
NZ_CP009318	14954	14954	1.00	0	0.00	14954	1.00	2	14.79	14.00	222
NZ_CP009325	14954	14954	1.00	0	0.00	14954	1.00	3	14.93	14.00	143
NZ_CP009328	14954	14954	1.00	0	0.00	14954	1.00	4	14.70	14.00	162
NZ_CP009341	14954	14954	1.00	0	0.00	14954	1.00	3	14.96	14.00	144
NZ_CP009335	14954	14954	1.00	0	0.00	14954	1.00	4	14.81	14.00	223
NZ_CP009331	14954	14954	1.00	0	0.00	14954	1.00	3	14.64	14.00	155
NZ_CP009351	14954	14954	1.00	0	0.00	14954	1.00	3	14.89	14.00	177
NZ_CP009369	14954	14954	1.00	1	0.00	14953	1.00	1	14.83	14.00	247
NZ_CP009464	14954	14954	1.00	0	0.00	14954	1.00	3	14.62	14.00	169
NZ_CP009476	14954	14954	1.00	0	0.00	14954	1.00	3	14.89	14.00	167
NZ_CP009541	14954	14954	1.00	0	0.00	14954	1.00	3	14.69	14.00	164
NZ_CP009544	14954	14954	1.00	0	0.00	14954	1.00	2	14.96	14.00	121
NZ_CP009590	14954	14954	1.00	0	0.00	14954	1.00	3	15.01	14.00	243
NZ_CP009596	14954	14954	1.00	0	0.00	14954	1.00	3	14.76	14.00	207
NZ_CP009598	14954	14952	1.00	0	0.00	14952	1.00	0	14.77	14.00	147
NZ_CP009600	14954	14954	1.00	0	0.00	14954	1.00	3	14.83	14.00	216
NZ_CP009605	14954	14954	1.00	0	0.00	14954	1.00	3	14.77	14.00	170
NZ_CP009628	14954	14954	1.00	0	0.00	14954	1.00	3	15.01	14.00	312
NZ_CP009641	14954	14954	1.00	0	0.00	14954	1.00	2	14.93	14.00	182
NZ_CP009651	14954	14954	1.00	0	0.00	14954	1.00	3	14.82	14.00	271
NZ_CP009692	14954	14954	1.00	0	0.00	14954	1.00	3	14.79	14.00	385
NZ_CP009697	14954	14954	1.00	0	0.00	14954	1.00	3	14.70	14.00	106
NZ_CP009686	14954	14954	1.00	0	0.00	14954	1.00	4	14.99	14.00	215
NZ_CP009700	14954	14954	1.00	0	0.00	14954	1.00	4	14.63	14.00	143
NZ_CP009720	14954	14954	1.00	0	0.00	14954	1.00	4	14.72	14.00	208
NZ_CP009746	14954	14954	1.00	0	0.00	14954	1.00	3	14.49	14.00	377
NZ_CP009902	14954	14954	1.00	0	0.00	14954	1.00	3	15.03	14.00	141
NZ_CP009941	14954	14954	1.00	0	0.00	14954	1.00	3	15.24	14.00	261
NZ_CP009968	14954	14954	1.00	0	0.00	14954	1.00	3	14.75	14.00	186
NZ_CP009981	14954	14954	1.00	0	0.00	14954	1.00	2	14.59	14.00	161
NZ_CP010088	14954	14954	1.00	0	0.00	14954	1.00	3	14.76	14.00	188
NZ_CP010005	14954	14954	1.00	0	0.00	14954	1.00	3	15.01	14.00	177
NZ_CP010089	14954	14954	1.00	0	0.00	14954	1.00	2	14.97	14.00	177
NZ_CP010106	14954	14954	1.00	0	0.00	14954	1.00	4	14.86	14.00	221
NZ_CP010322	14954	14954	1.00	0	0.00	14954	1.00	2	14.33	14.00	141
NZ_CP010792	14954	14954	1.00	5	0.00	14949	1.00	1	15.01	14.00	154
NZ_CP010852	14954	14954	1.00	0	0.00	14954	1.00	2	14.43	14.00	152
NZ_CP010577	14954	14954	1.00	0	0.00	14954	1.00	4	15.39	14.00	207
NZ_CP012099	14954	14954	1.00	0	0.00	14954	1.00	2	14.99	14.00	272
NZ_CP012519	14954	14954	1.00	0	0.00	14954	1.00	3	14.64	14.00	160
NZ_CP012483	14954	14954	1.00	0	0.00	14954	1.00	4	14.74	14.00	146
NZ_CP013274	14954	14954	1.00	0	0.00	14954	1.00	3	14.83	14.00	176
NZ_CP013055	14954	14954	1.00	0	0.00	14954	1.00	2	14.92	14.00	178
NZ_CP014179	14954	14954	1.00	0	0.00	14954	1.00	3	14.71	14.00	165
NZ_CP011349	14954	14954	1.00	3	0.00	14951	1.00	1	14.86	14.00	161
NZ_CP007512	14954	14954	1.00	0	0.00	14954	1.00	2	14.67	14.00	180
